#!/bin/sh

#*****************************************************************************#
#
# START FLASH COMPRESSED SENSING FOR 19F MEASUREMENT $
# THIS IS THE FULLY SAMPLED SCAN VERSION WITH kx * ky = 64 * 64 datapoints
# THIS MACRO NEEDS THE FLASH_CS.ppg SEQUENCE
# 

#*****************************************************************************#
#*                              PROCEDURES                                   *#
#*****************************************************************************#


pvcmd -set pvScan ACQ_spatial_size_1 4096
pvcmd -set pvScan ACQ_spatial_size_2 4096

# FULLY SAMPLED SCHEME

vector1={-1,-0.96875,-0.9375,-0.90625,-0.875,-0.84375,-0.8125,-0.78125,-0.75,-0.71875,-0.6875,-0.65625,-0.625,-0.59375,-0.5625,-0.53125,-0.5,-0.46875,-0.4375,-0.40625,-0.375,-0.34375,-0.3125,-0.28125,-0.25,-0.21875,-0.1875,-0.15625,-0.125,-0.09375,-0.0625,-0.03125,0,0.03125,0.0625,0.09375,0.125,0.15625,0.1875,0.21875,0.25,0.28125,0.3125,0.34375,0.375,0.40625,0.4375,0.46875,0.5,0.53125,0.5625,0.59375,0.625,0.65625,0.6875,0.71875,0.75,0.78125,0.8125,0.84375,0.875,0.90625,0.9375,0.96875,-1,-0.96875,-0.9375,-0.90625,-0.875,-0.84375,-0.8125,-0.78125,-0.75,-0.71875,-0.6875,-0.65625,-0.625,-0.59375,-0.5625,-0.53125,-0.5,-0.46875,-0.4375,-0.40625,-0.375,-0.34375,-0.3125,-0.28125,-0.25,-0.21875,-0.1875,-0.15625,-0.125,-0.09375,-0.0625,-0.03125,0,0.03125,0.0625,0.09375,0.125,0.15625,0.1875,0.21875,0.25,0.28125,0.3125,0.34375,0.375,0.40625,0.4375,0.46875,0.5,0.53125,0.5625,0.59375,0.625,0.65625,0.6875,0.71875,0.75,0.78125,0.8125,0.84375,0.875,0.90625,0.9375,0.96875,-1,-0.96875,-0.9375,-0.90625,-0.875,-0.84375,-0.8125,-0.78125,-0.75,-0.71875,-0.6875,-0.65625,-0.625,-0.59375,-0.5625,-0.53125,-0.5,-0.46875,-0.4375,-0.40625,-0.375,-0.34375,-0.3125,-0.28125,-0.25,-0.21875,-0.1875,-0.15625,-0.125,-0.09375,-0.0625,-0.03125,0,0.03125,0.0625,0.09375,0.125,0.15625,0.1875,0.21875,0.25,0.28125,0.3125,0.34375,0.375,0.40625,0.4375,0.46875,0.5,0.53125,0.5625,0.59375,0.625,0.65625,0.6875,0.71875,0.75,0.78125,0.8125,0.84375,0.875,0.90625,0.9375,0.96875,-1,-0.96875,-0.9375,-0.90625,-0.875,-0.84375,-0.8125,-0.78125,-0.75,-0.71875,-0.6875,-0.65625,-0.625,-0.59375,-0.5625,-0.53125,-0.5,-0.46875,-0.4375,-0.40625,-0.375,-0.34375,-0.3125,-0.28125,-0.25,-0.21875,-0.1875,-0.15625,-0.125,-0.09375,-0.0625,-0.03125,0,0.03125,0.0625,0.09375,0.125,0.15625,0.1875,0.21875,0.25,0.28125,0.3125,0.34375,0.375,0.40625,0.4375,0.46875,0.5,0.53125,0.5625,0.59375,0.625,0.65625,0.6875,0.71875,0.75,0.78125,0.8125,0.84375,0.875,0.90625,0.9375,0.96875,-1,-0.96875,-0.9375,-0.90625,-0.875,-0.84375,-0.8125,-0.78125,-0.75,-0.71875,-0.6875,-0.65625,-0.625,-0.59375,-0.5625,-0.53125,-0.5,-0.46875,-0.4375,-0.40625,-0.375,-0.34375,-0.3125,-0.28125,-0.25,-0.21875,-0.1875,-0.15625,-0.125,-0.09375,-0.0625,-0.03125,0,0.03125,0.0625,0.09375,0.125,0.15625,0.1875,0.21875,0.25,0.28125,0.3125,0.34375,0.375,0.40625,0.4375,0.46875,0.5,0.53125,0.5625,0.59375,0.625,0.65625,0.6875,0.71875,0.75,0.78125,0.8125,0.84375,0.875,0.90625,0.9375,0.96875,-1,-0.96875,-0.9375,-0.90625,-0.875,-0.84375,-0.8125,-0.78125,-0.75,-0.71875,-0.6875,-0.65625,-0.625,-0.59375,-0.5625,-0.53125,-0.5,-0.46875,-0.4375,-0.40625,-0.375,-0.34375,-0.3125,-0.28125,-0.25,-0.21875,-0.1875,-0.15625,-0.125,-0.09375,-0.0625,-0.03125,0,0.03125,0.0625,0.09375,0.125,0.15625,0.1875,0.21875,0.25,0.28125,0.3125,0.34375,0.375,0.40625,0.4375,0.46875,0.5,0.53125,0.5625,0.59375,0.625,0.65625,0.6875,0.71875,0.75,0.78125,0.8125,0.84375,0.875,0.90625,0.9375,0.96875,-1,-0.96875,-0.9375,-0.90625,-0.875,-0.84375,-0.8125,-0.78125,-0.75,-0.71875,-0.6875,-0.65625,-0.625,-0.59375,-0.5625,-0.53125,-0.5,-0.46875,-0.4375,-0.40625,-0.375,-0.34375,-0.3125,-0.28125,-0.25,-0.21875,-0.1875,-0.15625,-0.125,-0.09375,-0.0625,-0.03125,0,0.03125,0.0625,0.09375,0.125,0.15625,0.1875,0.21875,0.25,0.28125,0.3125,0.34375,0.375,0.40625,0.4375,0.46875,0.5,0.53125,0.5625,0.59375,0.625,0.65625,0.6875,0.71875,0.75,0.78125,0.8125,0.84375,0.875,0.90625,0.9375,0.96875,-1,-0.96875,-0.9375,-0.90625,-0.875,-0.84375,-0.8125,-0.78125,-0.75,-0.71875,-0.6875,-0.65625,-0.625,-0.59375,-0.5625,-0.53125,-0.5,-0.46875,-0.4375,-0.40625,-0.375,-0.34375,-0.3125,-0.28125,-0.25,-0.21875,-0.1875,-0.15625,-0.125,-0.09375,-0.0625,-0.03125,0,0.03125,0.0625,0.09375,0.125,0.15625,0.1875,0.21875,0.25,0.28125,0.3125,0.34375,0.375,0.40625,0.4375,0.46875,0.5,0.53125,0.5625,0.59375,0.625,0.65625,0.6875,0.71875,0.75,0.78125,0.8125,0.84375,0.875,0.90625,0.9375,0.96875,-1,-0.96875,-0.9375,-0.90625,-0.875,-0.84375,-0.8125,-0.78125,-0.75,-0.71875,-0.6875,-0.65625,-0.625,-0.59375,-0.5625,-0.53125,-0.5,-0.46875,-0.4375,-0.40625,-0.375,-0.34375,-0.3125,-0.28125,-0.25,-0.21875,-0.1875,-0.15625,-0.125,-0.09375,-0.0625,-0.03125,0,0.03125,0.0625,0.09375,0.125,0.15625,0.1875,0.21875,0.25,0.28125,0.3125,0.34375,0.375,0.40625,0.4375,0.46875,0.5,0.53125,0.5625,0.59375,0.625,0.65625,0.6875,0.71875,0.75,0.78125,0.8125,0.84375,0.875,0.90625,0.9375,0.96875,-1,-0.96875,-0.9375,-0.90625,-0.875,-0.84375,-0.8125,-0.78125,-0.75,-0.71875,-0.6875,-0.65625,-0.625,-0.59375,-0.5625,-0.53125,-0.5,-0.46875,-0.4375,-0.40625,-0.375,-0.34375,-0.3125,-0.28125,-0.25,-0.21875,-0.1875,-0.15625,-0.125,-0.09375,-0.0625,-0.03125,0,0.03125,0.0625,0.09375,0.125,0.15625,0.1875,0.21875,0.25,0.28125,0.3125,0.34375,0.375,0.40625,0.4375,0.46875,0.5,0.53125,0.5625,0.59375,0.625,0.65625,0.6875,0.71875,0.75,0.78125,0.8125,0.84375,0.875,0.90625,0.9375,0.96875,-1,-0.96875,-0.9375,-0.90625,-0.875,-0.84375,-0.8125,-0.78125,-0.75,-0.71875,-0.6875,-0.65625,-0.625,-0.59375,-0.5625,-0.53125,-0.5,-0.46875,-0.4375,-0.40625,-0.375,-0.34375,-0.3125,-0.28125,-0.25,-0.21875,-0.1875,-0.15625,-0.125,-0.09375,-0.0625,-0.03125,0,0.03125,0.0625,0.09375,0.125,0.15625,0.1875,0.21875,0.25,0.28125,0.3125,0.34375,0.375,0.40625,0.4375,0.46875,0.5,0.53125,0.5625,0.59375,0.625,0.65625,0.6875,0.71875,0.75,0.78125,0.8125,0.84375,0.875,0.90625,0.9375,0.96875,-1,-0.96875,-0.9375,-0.90625,-0.875,-0.84375,-0.8125,-0.78125,-0.75,-0.71875,-0.6875,-0.65625,-0.625,-0.59375,-0.5625,-0.53125,-0.5,-0.46875,-0.4375,-0.40625,-0.375,-0.34375,-0.3125,-0.28125,-0.25,-0.21875,-0.1875,-0.15625,-0.125,-0.09375,-0.0625,-0.03125,0,0.03125,0.0625,0.09375,0.125,0.15625,0.1875,0.21875,0.25,0.28125,0.3125,0.34375,0.375,0.40625,0.4375,0.46875,0.5,0.53125,0.5625,0.59375,0.625,0.65625,0.6875,0.71875,0.75,0.78125,0.8125,0.84375,0.875,0.90625,0.9375,0.96875,-1,-0.96875,-0.9375,-0.90625,-0.875,-0.84375,-0.8125,-0.78125,-0.75,-0.71875,-0.6875,-0.65625,-0.625,-0.59375,-0.5625,-0.53125,-0.5,-0.46875,-0.4375,-0.40625,-0.375,-0.34375,-0.3125,-0.28125,-0.25,-0.21875,-0.1875,-0.15625,-0.125,-0.09375,-0.0625,-0.03125,0,0.03125,0.0625,0.09375,0.125,0.15625,0.1875,0.21875,0.25,0.28125,0.3125,0.34375,0.375,0.40625,0.4375,0.46875,0.5,0.53125,0.5625,0.59375,0.625,0.65625,0.6875,0.71875,0.75,0.78125,0.8125,0.84375,0.875,0.90625,0.9375,0.96875,-1,-0.96875,-0.9375,-0.90625,-0.875,-0.84375,-0.8125,-0.78125,-0.75,-0.71875,-0.6875,-0.65625,-0.625,-0.59375,-0.5625,-0.53125,-0.5,-0.46875,-0.4375,-0.40625,-0.375,-0.34375,-0.3125,-0.28125,-0.25,-0.21875,-0.1875,-0.15625,-0.125,-0.09375,-0.0625,-0.03125,0,0.03125,0.0625,0.09375,0.125,0.15625,0.1875,0.21875,0.25,0.28125,0.3125,0.34375,0.375,0.40625,0.4375,0.46875,0.5,0.53125,0.5625,0.59375,0.625,0.65625,0.6875,0.71875,0.75,0.78125,0.8125,0.84375,0.875,0.90625,0.9375,0.96875,-1,-0.96875,-0.9375,-0.90625,-0.875,-0.84375,-0.8125,-0.78125,-0.75,-0.71875,-0.6875,-0.65625,-0.625,-0.59375,-0.5625,-0.53125,-0.5,-0.46875,-0.4375,-0.40625,-0.375,-0.34375,-0.3125,-0.28125,-0.25,-0.21875,-0.1875,-0.15625,-0.125,-0.09375,-0.0625,-0.03125,0,0.03125,0.0625,0.09375,0.125,0.15625,0.1875,0.21875,0.25,0.28125,0.3125,0.34375,0.375,0.40625,0.4375,0.46875,0.5,0.53125,0.5625,0.59375,0.625,0.65625,0.6875,0.71875,0.75,0.78125,0.8125,0.84375,0.875,0.90625,0.9375,0.96875,-1,-0.96875,-0.9375,-0.90625,-0.875,-0.84375,-0.8125,-0.78125,-0.75,-0.71875,-0.6875,-0.65625,-0.625,-0.59375,-0.5625,-0.53125,-0.5,-0.46875,-0.4375,-0.40625,-0.375,-0.34375,-0.3125,-0.28125,-0.25,-0.21875,-0.1875,-0.15625,-0.125,-0.09375,-0.0625,-0.03125,0,0.03125,0.0625,0.09375,0.125,0.15625,0.1875,0.21875,0.25,0.28125,0.3125,0.34375,0.375,0.40625,0.4375,0.46875,0.5,0.53125,0.5625,0.59375,0.625,0.65625,0.6875,0.71875,0.75,0.78125,0.8125,0.84375,0.875,0.90625,0.9375,0.96875,-1,-0.96875,-0.9375,-0.90625,-0.875,-0.84375,-0.8125,-0.78125,-0.75,-0.71875,-0.6875,-0.65625,-0.625,-0.59375,-0.5625,-0.53125,-0.5,-0.46875,-0.4375,-0.40625,-0.375,-0.34375,-0.3125,-0.28125,-0.25,-0.21875,-0.1875,-0.15625,-0.125,-0.09375,-0.0625,-0.03125,0,0.03125,0.0625,0.09375,0.125,0.15625,0.1875,0.21875,0.25,0.28125,0.3125,0.34375,0.375,0.40625,0.4375,0.46875,0.5,0.53125,0.5625,0.59375,0.625,0.65625,0.6875,0.71875,0.75,0.78125,0.8125,0.84375,0.875,0.90625,0.9375,0.96875,-1,-0.96875,-0.9375,-0.90625,-0.875,-0.84375,-0.8125,-0.78125,-0.75,-0.71875,-0.6875,-0.65625,-0.625,-0.59375,-0.5625,-0.53125,-0.5,-0.46875,-0.4375,-0.40625,-0.375,-0.34375,-0.3125,-0.28125,-0.25,-0.21875,-0.1875,-0.15625,-0.125,-0.09375,-0.0625,-0.03125,0,0.03125,0.0625,0.09375,0.125,0.15625,0.1875,0.21875,0.25,0.28125,0.3125,0.34375,0.375,0.40625,0.4375,0.46875,0.5,0.53125,0.5625,0.59375,0.625,0.65625,0.6875,0.71875,0.75,0.78125,0.8125,0.84375,0.875,0.90625,0.9375,0.96875,-1,-0.96875,-0.9375,-0.90625,-0.875,-0.84375,-0.8125,-0.78125,-0.75,-0.71875,-0.6875,-0.65625,-0.625,-0.59375,-0.5625,-0.53125,-0.5,-0.46875,-0.4375,-0.40625,-0.375,-0.34375,-0.3125,-0.28125,-0.25,-0.21875,-0.1875,-0.15625,-0.125,-0.09375,-0.0625,-0.03125,0,0.03125,0.0625,0.09375,0.125,0.15625,0.1875,0.21875,0.25,0.28125,0.3125,0.34375,0.375,0.40625,0.4375,0.46875,0.5,0.53125,0.5625,0.59375,0.625,0.65625,0.6875,0.71875,0.75,0.78125,0.8125,0.84375,0.875,0.90625,0.9375,0.96875,-1,-0.96875,-0.9375,-0.90625,-0.875,-0.84375,-0.8125,-0.78125,-0.75,-0.71875,-0.6875,-0.65625,-0.625,-0.59375,-0.5625,-0.53125,-0.5,-0.46875,-0.4375,-0.40625,-0.375,-0.34375,-0.3125,-0.28125,-0.25,-0.21875,-0.1875,-0.15625,-0.125,-0.09375,-0.0625,-0.03125,0,0.03125,0.0625,0.09375,0.125,0.15625,0.1875,0.21875,0.25,0.28125,0.3125,0.34375,0.375,0.40625,0.4375,0.46875,0.5,0.53125,0.5625,0.59375,0.625,0.65625,0.6875,0.71875,0.75,0.78125,0.8125,0.84375,0.875,0.90625,0.9375,0.96875,-1,-0.96875,-0.9375,-0.90625,-0.875,-0.84375,-0.8125,-0.78125,-0.75,-0.71875,-0.6875,-0.65625,-0.625,-0.59375,-0.5625,-0.53125,-0.5,-0.46875,-0.4375,-0.40625,-0.375,-0.34375,-0.3125,-0.28125,-0.25,-0.21875,-0.1875,-0.15625,-0.125,-0.09375,-0.0625,-0.03125,0,0.03125,0.0625,0.09375,0.125,0.15625,0.1875,0.21875,0.25,0.28125,0.3125,0.34375,0.375,0.40625,0.4375,0.46875,0.5,0.53125,0.5625,0.59375,0.625,0.65625,0.6875,0.71875,0.75,0.78125,0.8125,0.84375,0.875,0.90625,0.9375,0.96875,-1,-0.96875,-0.9375,-0.90625,-0.875,-0.84375,-0.8125,-0.78125,-0.75,-0.71875,-0.6875,-0.65625,-0.625,-0.59375,-0.5625,-0.53125,-0.5,-0.46875,-0.4375,-0.40625,-0.375,-0.34375,-0.3125,-0.28125,-0.25,-0.21875,-0.1875,-0.15625,-0.125,-0.09375,-0.0625,-0.03125,0,0.03125,0.0625,0.09375,0.125,0.15625,0.1875,0.21875,0.25,0.28125,0.3125,0.34375,0.375,0.40625,0.4375,0.46875,0.5,0.53125,0.5625,0.59375,0.625,0.65625,0.6875,0.71875,0.75,0.78125,0.8125,0.84375,0.875,0.90625,0.9375,0.96875,-1,-0.96875,-0.9375,-0.90625,-0.875,-0.84375,-0.8125,-0.78125,-0.75,-0.71875,-0.6875,-0.65625,-0.625,-0.59375,-0.5625,-0.53125,-0.5,-0.46875,-0.4375,-0.40625,-0.375,-0.34375,-0.3125,-0.28125,-0.25,-0.21875,-0.1875,-0.15625,-0.125,-0.09375,-0.0625,-0.03125,0,0.03125,0.0625,0.09375,0.125,0.15625,0.1875,0.21875,0.25,0.28125,0.3125,0.34375,0.375,0.40625,0.4375,0.46875,0.5,0.53125,0.5625,0.59375,0.625,0.65625,0.6875,0.71875,0.75,0.78125,0.8125,0.84375,0.875,0.90625,0.9375,0.96875,-1,-0.96875,-0.9375,-0.90625,-0.875,-0.84375,-0.8125,-0.78125,-0.75,-0.71875,-0.6875,-0.65625,-0.625,-0.59375,-0.5625,-0.53125,-0.5,-0.46875,-0.4375,-0.40625,-0.375,-0.34375,-0.3125,-0.28125,-0.25,-0.21875,-0.1875,-0.15625,-0.125,-0.09375,-0.0625,-0.03125,0,0.03125,0.0625,0.09375,0.125,0.15625,0.1875,0.21875,0.25,0.28125,0.3125,0.34375,0.375,0.40625,0.4375,0.46875,0.5,0.53125,0.5625,0.59375,0.625,0.65625,0.6875,0.71875,0.75,0.78125,0.8125,0.84375,0.875,0.90625,0.9375,0.96875,-1,-0.96875,-0.9375,-0.90625,-0.875,-0.84375,-0.8125,-0.78125,-0.75,-0.71875,-0.6875,-0.65625,-0.625,-0.59375,-0.5625,-0.53125,-0.5,-0.46875,-0.4375,-0.40625,-0.375,-0.34375,-0.3125,-0.28125,-0.25,-0.21875,-0.1875,-0.15625,-0.125,-0.09375,-0.0625,-0.03125,0,0.03125,0.0625,0.09375,0.125,0.15625,0.1875,0.21875,0.25,0.28125,0.3125,0.34375,0.375,0.40625,0.4375,0.46875,0.5,0.53125,0.5625,0.59375,0.625,0.65625,0.6875,0.71875,0.75,0.78125,0.8125,0.84375,0.875,0.90625,0.9375,0.96875,-1,-0.96875,-0.9375,-0.90625,-0.875,-0.84375,-0.8125,-0.78125,-0.75,-0.71875,-0.6875,-0.65625,-0.625,-0.59375,-0.5625,-0.53125,-0.5,-0.46875,-0.4375,-0.40625,-0.375,-0.34375,-0.3125,-0.28125,-0.25,-0.21875,-0.1875,-0.15625,-0.125,-0.09375,-0.0625,-0.03125,0,0.03125,0.0625,0.09375,0.125,0.15625,0.1875,0.21875,0.25,0.28125,0.3125,0.34375,0.375,0.40625,0.4375,0.46875,0.5,0.53125,0.5625,0.59375,0.625,0.65625,0.6875,0.71875,0.75,0.78125,0.8125,0.84375,0.875,0.90625,0.9375,0.96875,-1,-0.96875,-0.9375,-0.90625,-0.875,-0.84375,-0.8125,-0.78125,-0.75,-0.71875,-0.6875,-0.65625,-0.625,-0.59375,-0.5625,-0.53125,-0.5,-0.46875,-0.4375,-0.40625,-0.375,-0.34375,-0.3125,-0.28125,-0.25,-0.21875,-0.1875,-0.15625,-0.125,-0.09375,-0.0625,-0.03125,0,0.03125,0.0625,0.09375,0.125,0.15625,0.1875,0.21875,0.25,0.28125,0.3125,0.34375,0.375,0.40625,0.4375,0.46875,0.5,0.53125,0.5625,0.59375,0.625,0.65625,0.6875,0.71875,0.75,0.78125,0.8125,0.84375,0.875,0.90625,0.9375,0.96875,-1,-0.96875,-0.9375,-0.90625,-0.875,-0.84375,-0.8125,-0.78125,-0.75,-0.71875,-0.6875,-0.65625,-0.625,-0.59375,-0.5625,-0.53125,-0.5,-0.46875,-0.4375,-0.40625,-0.375,-0.34375,-0.3125,-0.28125,-0.25,-0.21875,-0.1875,-0.15625,-0.125,-0.09375,-0.0625,-0.03125,0,0.03125,0.0625,0.09375,0.125,0.15625,0.1875,0.21875,0.25,0.28125,0.3125,0.34375,0.375,0.40625,0.4375,0.46875,0.5,0.53125,0.5625,0.59375,0.625,0.65625,0.6875,0.71875,0.75,0.78125,0.8125,0.84375,0.875,0.90625,0.9375,0.96875,-1,-0.96875,-0.9375,-0.90625,-0.875,-0.84375,-0.8125,-0.78125,-0.75,-0.71875,-0.6875,-0.65625,-0.625,-0.59375,-0.5625,-0.53125,-0.5,-0.46875,-0.4375,-0.40625,-0.375,-0.34375,-0.3125,-0.28125,-0.25,-0.21875,-0.1875,-0.15625,-0.125,-0.09375,-0.0625,-0.03125,0,0.03125,0.0625,0.09375,0.125,0.15625,0.1875,0.21875,0.25,0.28125,0.3125,0.34375,0.375,0.40625,0.4375,0.46875,0.5,0.53125,0.5625,0.59375,0.625,0.65625,0.6875,0.71875,0.75,0.78125,0.8125,0.84375,0.875,0.90625,0.9375,0.96875,-1,-0.96875,-0.9375,-0.90625,-0.875,-0.84375,-0.8125,-0.78125,-0.75,-0.71875,-0.6875,-0.65625,-0.625,-0.59375,-0.5625,-0.53125,-0.5,-0.46875,-0.4375,-0.40625,-0.375,-0.34375,-0.3125,-0.28125,-0.25,-0.21875,-0.1875,-0.15625,-0.125,-0.09375,-0.0625,-0.03125,0,0.03125,0.0625,0.09375,0.125,0.15625,0.1875,0.21875,0.25,0.28125,0.3125,0.34375,0.375,0.40625,0.4375,0.46875,0.5,0.53125,0.5625,0.59375,0.625,0.65625,0.6875,0.71875,0.75,0.78125,0.8125,0.84375,0.875,0.90625,0.9375,0.96875,-1,-0.96875,-0.9375,-0.90625,-0.875,-0.84375,-0.8125,-0.78125,-0.75,-0.71875,-0.6875,-0.65625,-0.625,-0.59375,-0.5625,-0.53125,-0.5,-0.46875,-0.4375,-0.40625,-0.375,-0.34375,-0.3125,-0.28125,-0.25,-0.21875,-0.1875,-0.15625,-0.125,-0.09375,-0.0625,-0.03125,0,0.03125,0.0625,0.09375,0.125,0.15625,0.1875,0.21875,0.25,0.28125,0.3125,0.34375,0.375,0.40625,0.4375,0.46875,0.5,0.53125,0.5625,0.59375,0.625,0.65625,0.6875,0.71875,0.75,0.78125,0.8125,0.84375,0.875,0.90625,0.9375,0.96875,-1,-0.96875,-0.9375,-0.90625,-0.875,-0.84375,-0.8125,-0.78125,-0.75,-0.71875,-0.6875,-0.65625,-0.625,-0.59375,-0.5625,-0.53125,-0.5,-0.46875,-0.4375,-0.40625,-0.375,-0.34375,-0.3125,-0.28125,-0.25,-0.21875,-0.1875,-0.15625,-0.125,-0.09375,-0.0625,-0.03125,0,0.03125,0.0625,0.09375,0.125,0.15625,0.1875,0.21875,0.25,0.28125,0.3125,0.34375,0.375,0.40625,0.4375,0.46875,0.5,0.53125,0.5625,0.59375,0.625,0.65625,0.6875,0.71875,0.75,0.78125,0.8125,0.84375,0.875,0.90625,0.9375,0.96875,-1,-0.96875,-0.9375,-0.90625,-0.875,-0.84375,-0.8125,-0.78125,-0.75,-0.71875,-0.6875,-0.65625,-0.625,-0.59375,-0.5625,-0.53125,-0.5,-0.46875,-0.4375,-0.40625,-0.375,-0.34375,-0.3125,-0.28125,-0.25,-0.21875,-0.1875,-0.15625,-0.125,-0.09375,-0.0625,-0.03125,0,0.03125,0.0625,0.09375,0.125,0.15625,0.1875,0.21875,0.25,0.28125,0.3125,0.34375,0.375,0.40625,0.4375,0.46875,0.5,0.53125,0.5625,0.59375,0.625,0.65625,0.6875,0.71875,0.75,0.78125,0.8125,0.84375,0.875,0.90625,0.9375,0.96875,-1,-0.96875,-0.9375,-0.90625,-0.875,-0.84375,-0.8125,-0.78125,-0.75,-0.71875,-0.6875,-0.65625,-0.625,-0.59375,-0.5625,-0.53125,-0.5,-0.46875,-0.4375,-0.40625,-0.375,-0.34375,-0.3125,-0.28125,-0.25,-0.21875,-0.1875,-0.15625,-0.125,-0.09375,-0.0625,-0.03125,0,0.03125,0.0625,0.09375,0.125,0.15625,0.1875,0.21875,0.25,0.28125,0.3125,0.34375,0.375,0.40625,0.4375,0.46875,0.5,0.53125,0.5625,0.59375,0.625,0.65625,0.6875,0.71875,0.75,0.78125,0.8125,0.84375,0.875,0.90625,0.9375,0.96875,-1,-0.96875,-0.9375,-0.90625,-0.875,-0.84375,-0.8125,-0.78125,-0.75,-0.71875,-0.6875,-0.65625,-0.625,-0.59375,-0.5625,-0.53125,-0.5,-0.46875,-0.4375,-0.40625,-0.375,-0.34375,-0.3125,-0.28125,-0.25,-0.21875,-0.1875,-0.15625,-0.125,-0.09375,-0.0625,-0.03125,0,0.03125,0.0625,0.09375,0.125,0.15625,0.1875,0.21875,0.25,0.28125,0.3125,0.34375,0.375,0.40625,0.4375,0.46875,0.5,0.53125,0.5625,0.59375,0.625,0.65625,0.6875,0.71875,0.75,0.78125,0.8125,0.84375,0.875,0.90625,0.9375,0.96875,-1,-0.96875,-0.9375,-0.90625,-0.875,-0.84375,-0.8125,-0.78125,-0.75,-0.71875,-0.6875,-0.65625,-0.625,-0.59375,-0.5625,-0.53125,-0.5,-0.46875,-0.4375,-0.40625,-0.375,-0.34375,-0.3125,-0.28125,-0.25,-0.21875,-0.1875,-0.15625,-0.125,-0.09375,-0.0625,-0.03125,0,0.03125,0.0625,0.09375,0.125,0.15625,0.1875,0.21875,0.25,0.28125,0.3125,0.34375,0.375,0.40625,0.4375,0.46875,0.5,0.53125,0.5625,0.59375,0.625,0.65625,0.6875,0.71875,0.75,0.78125,0.8125,0.84375,0.875,0.90625,0.9375,0.96875,-1,-0.96875,-0.9375,-0.90625,-0.875,-0.84375,-0.8125,-0.78125,-0.75,-0.71875,-0.6875,-0.65625,-0.625,-0.59375,-0.5625,-0.53125,-0.5,-0.46875,-0.4375,-0.40625,-0.375,-0.34375,-0.3125,-0.28125,-0.25,-0.21875,-0.1875,-0.15625,-0.125,-0.09375,-0.0625,-0.03125,0,0.03125,0.0625,0.09375,0.125,0.15625,0.1875,0.21875,0.25,0.28125,0.3125,0.34375,0.375,0.40625,0.4375,0.46875,0.5,0.53125,0.5625,0.59375,0.625,0.65625,0.6875,0.71875,0.75,0.78125,0.8125,0.84375,0.875,0.90625,0.9375,0.96875,-1,-0.96875,-0.9375,-0.90625,-0.875,-0.84375,-0.8125,-0.78125,-0.75,-0.71875,-0.6875,-0.65625,-0.625,-0.59375,-0.5625,-0.53125,-0.5,-0.46875,-0.4375,-0.40625,-0.375,-0.34375,-0.3125,-0.28125,-0.25,-0.21875,-0.1875,-0.15625,-0.125,-0.09375,-0.0625,-0.03125,0,0.03125,0.0625,0.09375,0.125,0.15625,0.1875,0.21875,0.25,0.28125,0.3125,0.34375,0.375,0.40625,0.4375,0.46875,0.5,0.53125,0.5625,0.59375,0.625,0.65625,0.6875,0.71875,0.75,0.78125,0.8125,0.84375,0.875,0.90625,0.9375,0.96875,-1,-0.96875,-0.9375,-0.90625,-0.875,-0.84375,-0.8125,-0.78125,-0.75,-0.71875,-0.6875,-0.65625,-0.625,-0.59375,-0.5625,-0.53125,-0.5,-0.46875,-0.4375,-0.40625,-0.375,-0.34375,-0.3125,-0.28125,-0.25,-0.21875,-0.1875,-0.15625,-0.125,-0.09375,-0.0625,-0.03125,0,0.03125,0.0625,0.09375,0.125,0.15625,0.1875,0.21875,0.25,0.28125,0.3125,0.34375,0.375,0.40625,0.4375,0.46875,0.5,0.53125,0.5625,0.59375,0.625,0.65625,0.6875,0.71875,0.75,0.78125,0.8125,0.84375,0.875,0.90625,0.9375,0.96875,-1,-0.96875,-0.9375,-0.90625,-0.875,-0.84375,-0.8125,-0.78125,-0.75,-0.71875,-0.6875,-0.65625,-0.625,-0.59375,-0.5625,-0.53125,-0.5,-0.46875,-0.4375,-0.40625,-0.375,-0.34375,-0.3125,-0.28125,-0.25,-0.21875,-0.1875,-0.15625,-0.125,-0.09375,-0.0625,-0.03125,0,0.03125,0.0625,0.09375,0.125,0.15625,0.1875,0.21875,0.25,0.28125,0.3125,0.34375,0.375,0.40625,0.4375,0.46875,0.5,0.53125,0.5625,0.59375,0.625,0.65625,0.6875,0.71875,0.75,0.78125,0.8125,0.84375,0.875,0.90625,0.9375,0.96875,-1,-0.96875,-0.9375,-0.90625,-0.875,-0.84375,-0.8125,-0.78125,-0.75,-0.71875,-0.6875,-0.65625,-0.625,-0.59375,-0.5625,-0.53125,-0.5,-0.46875,-0.4375,-0.40625,-0.375,-0.34375,-0.3125,-0.28125,-0.25,-0.21875,-0.1875,-0.15625,-0.125,-0.09375,-0.0625,-0.03125,0,0.03125,0.0625,0.09375,0.125,0.15625,0.1875,0.21875,0.25,0.28125,0.3125,0.34375,0.375,0.40625,0.4375,0.46875,0.5,0.53125,0.5625,0.59375,0.625,0.65625,0.6875,0.71875,0.75,0.78125,0.8125,0.84375,0.875,0.90625,0.9375,0.96875,-1,-0.96875,-0.9375,-0.90625,-0.875,-0.84375,-0.8125,-0.78125,-0.75,-0.71875,-0.6875,-0.65625,-0.625,-0.59375,-0.5625,-0.53125,-0.5,-0.46875,-0.4375,-0.40625,-0.375,-0.34375,-0.3125,-0.28125,-0.25,-0.21875,-0.1875,-0.15625,-0.125,-0.09375,-0.0625,-0.03125,0,0.03125,0.0625,0.09375,0.125,0.15625,0.1875,0.21875,0.25,0.28125,0.3125,0.34375,0.375,0.40625,0.4375,0.46875,0.5,0.53125,0.5625,0.59375,0.625,0.65625,0.6875,0.71875,0.75,0.78125,0.8125,0.84375,0.875,0.90625,0.9375,0.96875,-1,-0.96875,-0.9375,-0.90625,-0.875,-0.84375,-0.8125,-0.78125,-0.75,-0.71875,-0.6875,-0.65625,-0.625,-0.59375,-0.5625,-0.53125,-0.5,-0.46875,-0.4375,-0.40625,-0.375,-0.34375,-0.3125,-0.28125,-0.25,-0.21875,-0.1875,-0.15625,-0.125,-0.09375,-0.0625,-0.03125,0,0.03125,0.0625,0.09375,0.125,0.15625,0.1875,0.21875,0.25,0.28125,0.3125,0.34375,0.375,0.40625,0.4375,0.46875,0.5,0.53125,0.5625,0.59375,0.625,0.65625,0.6875,0.71875,0.75,0.78125,0.8125,0.84375,0.875,0.90625,0.9375,0.96875,-1,-0.96875,-0.9375,-0.90625,-0.875,-0.84375,-0.8125,-0.78125,-0.75,-0.71875,-0.6875,-0.65625,-0.625,-0.59375,-0.5625,-0.53125,-0.5,-0.46875,-0.4375,-0.40625,-0.375,-0.34375,-0.3125,-0.28125,-0.25,-0.21875,-0.1875,-0.15625,-0.125,-0.09375,-0.0625,-0.03125,0,0.03125,0.0625,0.09375,0.125,0.15625,0.1875,0.21875,0.25,0.28125,0.3125,0.34375,0.375,0.40625,0.4375,0.46875,0.5,0.53125,0.5625,0.59375,0.625,0.65625,0.6875,0.71875,0.75,0.78125,0.8125,0.84375,0.875,0.90625,0.9375,0.96875,-1,-0.96875,-0.9375,-0.90625,-0.875,-0.84375,-0.8125,-0.78125,-0.75,-0.71875,-0.6875,-0.65625,-0.625,-0.59375,-0.5625,-0.53125,-0.5,-0.46875,-0.4375,-0.40625,-0.375,-0.34375,-0.3125,-0.28125,-0.25,-0.21875,-0.1875,-0.15625,-0.125,-0.09375,-0.0625,-0.03125,0,0.03125,0.0625,0.09375,0.125,0.15625,0.1875,0.21875,0.25,0.28125,0.3125,0.34375,0.375,0.40625,0.4375,0.46875,0.5,0.53125,0.5625,0.59375,0.625,0.65625,0.6875,0.71875,0.75,0.78125,0.8125,0.84375,0.875,0.90625,0.9375,0.96875,-1,-0.96875,-0.9375,-0.90625,-0.875,-0.84375,-0.8125,-0.78125,-0.75,-0.71875,-0.6875,-0.65625,-0.625,-0.59375,-0.5625,-0.53125,-0.5,-0.46875,-0.4375,-0.40625,-0.375,-0.34375,-0.3125,-0.28125,-0.25,-0.21875,-0.1875,-0.15625,-0.125,-0.09375,-0.0625,-0.03125,0,0.03125,0.0625,0.09375,0.125,0.15625,0.1875,0.21875,0.25,0.28125,0.3125,0.34375,0.375,0.40625,0.4375,0.46875,0.5,0.53125,0.5625,0.59375,0.625,0.65625,0.6875,0.71875,0.75,0.78125,0.8125,0.84375,0.875,0.90625,0.9375,0.96875,-1,-0.96875,-0.9375,-0.90625,-0.875,-0.84375,-0.8125,-0.78125,-0.75,-0.71875,-0.6875,-0.65625,-0.625,-0.59375,-0.5625,-0.53125,-0.5,-0.46875,-0.4375,-0.40625,-0.375,-0.34375,-0.3125,-0.28125,-0.25,-0.21875,-0.1875,-0.15625,-0.125,-0.09375,-0.0625,-0.03125,0,0.03125,0.0625,0.09375,0.125,0.15625,0.1875,0.21875,0.25,0.28125,0.3125,0.34375,0.375,0.40625,0.4375,0.46875,0.5,0.53125,0.5625,0.59375,0.625,0.65625,0.6875,0.71875,0.75,0.78125,0.8125,0.84375,0.875,0.90625,0.9375,0.96875,-1,-0.96875,-0.9375,-0.90625,-0.875,-0.84375,-0.8125,-0.78125,-0.75,-0.71875,-0.6875,-0.65625,-0.625,-0.59375,-0.5625,-0.53125,-0.5,-0.46875,-0.4375,-0.40625,-0.375,-0.34375,-0.3125,-0.28125,-0.25,-0.21875,-0.1875,-0.15625,-0.125,-0.09375,-0.0625,-0.03125,0,0.03125,0.0625,0.09375,0.125,0.15625,0.1875,0.21875,0.25,0.28125,0.3125,0.34375,0.375,0.40625,0.4375,0.46875,0.5,0.53125,0.5625,0.59375,0.625,0.65625,0.6875,0.71875,0.75,0.78125,0.8125,0.84375,0.875,0.90625,0.9375,0.96875,-1,-0.96875,-0.9375,-0.90625,-0.875,-0.84375,-0.8125,-0.78125,-0.75,-0.71875,-0.6875,-0.65625,-0.625,-0.59375,-0.5625,-0.53125,-0.5,-0.46875,-0.4375,-0.40625,-0.375,-0.34375,-0.3125,-0.28125,-0.25,-0.21875,-0.1875,-0.15625,-0.125,-0.09375,-0.0625,-0.03125,0,0.03125,0.0625,0.09375,0.125,0.15625,0.1875,0.21875,0.25,0.28125,0.3125,0.34375,0.375,0.40625,0.4375,0.46875,0.5,0.53125,0.5625,0.59375,0.625,0.65625,0.6875,0.71875,0.75,0.78125,0.8125,0.84375,0.875,0.90625,0.9375,0.96875,-1,-0.96875,-0.9375,-0.90625,-0.875,-0.84375,-0.8125,-0.78125,-0.75,-0.71875,-0.6875,-0.65625,-0.625,-0.59375,-0.5625,-0.53125,-0.5,-0.46875,-0.4375,-0.40625,-0.375,-0.34375,-0.3125,-0.28125,-0.25,-0.21875,-0.1875,-0.15625,-0.125,-0.09375,-0.0625,-0.03125,0,0.03125,0.0625,0.09375,0.125,0.15625,0.1875,0.21875,0.25,0.28125,0.3125,0.34375,0.375,0.40625,0.4375,0.46875,0.5,0.53125,0.5625,0.59375,0.625,0.65625,0.6875,0.71875,0.75,0.78125,0.8125,0.84375,0.875,0.90625,0.9375,0.96875,-1,-0.96875,-0.9375,-0.90625,-0.875,-0.84375,-0.8125,-0.78125,-0.75,-0.71875,-0.6875,-0.65625,-0.625,-0.59375,-0.5625,-0.53125,-0.5,-0.46875,-0.4375,-0.40625,-0.375,-0.34375,-0.3125,-0.28125,-0.25,-0.21875,-0.1875,-0.15625,-0.125,-0.09375,-0.0625,-0.03125,0,0.03125,0.0625,0.09375,0.125,0.15625,0.1875,0.21875,0.25,0.28125,0.3125,0.34375,0.375,0.40625,0.4375,0.46875,0.5,0.53125,0.5625,0.59375,0.625,0.65625,0.6875,0.71875,0.75,0.78125,0.8125,0.84375,0.875,0.90625,0.9375,0.96875,-1,-0.96875,-0.9375,-0.90625,-0.875,-0.84375,-0.8125,-0.78125,-0.75,-0.71875,-0.6875,-0.65625,-0.625,-0.59375,-0.5625,-0.53125,-0.5,-0.46875,-0.4375,-0.40625,-0.375,-0.34375,-0.3125,-0.28125,-0.25,-0.21875,-0.1875,-0.15625,-0.125,-0.09375,-0.0625,-0.03125,0,0.03125,0.0625,0.09375,0.125,0.15625,0.1875,0.21875,0.25,0.28125,0.3125,0.34375,0.375,0.40625,0.4375,0.46875,0.5,0.53125,0.5625,0.59375,0.625,0.65625,0.6875,0.71875,0.75,0.78125,0.8125,0.84375,0.875,0.90625,0.9375,0.96875,-1,-0.96875,-0.9375,-0.90625,-0.875,-0.84375,-0.8125,-0.78125,-0.75,-0.71875,-0.6875,-0.65625,-0.625,-0.59375,-0.5625,-0.53125,-0.5,-0.46875,-0.4375,-0.40625,-0.375,-0.34375,-0.3125,-0.28125,-0.25,-0.21875,-0.1875,-0.15625,-0.125,-0.09375,-0.0625,-0.03125,0,0.03125,0.0625,0.09375,0.125,0.15625,0.1875,0.21875,0.25,0.28125,0.3125,0.34375,0.375,0.40625,0.4375,0.46875,0.5,0.53125,0.5625,0.59375,0.625,0.65625,0.6875,0.71875,0.75,0.78125,0.8125,0.84375,0.875,0.90625,0.9375,0.96875,-1,-0.96875,-0.9375,-0.90625,-0.875,-0.84375,-0.8125,-0.78125,-0.75,-0.71875,-0.6875,-0.65625,-0.625,-0.59375,-0.5625,-0.53125,-0.5,-0.46875,-0.4375,-0.40625,-0.375,-0.34375,-0.3125,-0.28125,-0.25,-0.21875,-0.1875,-0.15625,-0.125,-0.09375,-0.0625,-0.03125,0,0.03125,0.0625,0.09375,0.125,0.15625,0.1875,0.21875,0.25,0.28125,0.3125,0.34375,0.375,0.40625,0.4375,0.46875,0.5,0.53125,0.5625,0.59375,0.625,0.65625,0.6875,0.71875,0.75,0.78125,0.8125,0.84375,0.875,0.90625,0.9375,0.96875,-1,-0.96875,-0.9375,-0.90625,-0.875,-0.84375,-0.8125,-0.78125,-0.75,-0.71875,-0.6875,-0.65625,-0.625,-0.59375,-0.5625,-0.53125,-0.5,-0.46875,-0.4375,-0.40625,-0.375,-0.34375,-0.3125,-0.28125,-0.25,-0.21875,-0.1875,-0.15625,-0.125,-0.09375,-0.0625,-0.03125,0,0.03125,0.0625,0.09375,0.125,0.15625,0.1875,0.21875,0.25,0.28125,0.3125,0.34375,0.375,0.40625,0.4375,0.46875,0.5,0.53125,0.5625,0.59375,0.625,0.65625,0.6875,0.71875,0.75,0.78125,0.8125,0.84375,0.875,0.90625,0.9375,0.96875,-1,-0.96875,-0.9375,-0.90625,-0.875,-0.84375,-0.8125,-0.78125,-0.75,-0.71875,-0.6875,-0.65625,-0.625,-0.59375,-0.5625,-0.53125,-0.5,-0.46875,-0.4375,-0.40625,-0.375,-0.34375,-0.3125,-0.28125,-0.25,-0.21875,-0.1875,-0.15625,-0.125,-0.09375,-0.0625,-0.03125,0,0.03125,0.0625,0.09375,0.125,0.15625,0.1875,0.21875,0.25,0.28125,0.3125,0.34375,0.375,0.40625,0.4375,0.46875,0.5,0.53125,0.5625,0.59375,0.625,0.65625,0.6875,0.71875,0.75,0.78125,0.8125,0.84375,0.875,0.90625,0.9375,0.96875,-1,-0.96875,-0.9375,-0.90625,-0.875,-0.84375,-0.8125,-0.78125,-0.75,-0.71875,-0.6875,-0.65625,-0.625,-0.59375,-0.5625,-0.53125,-0.5,-0.46875,-0.4375,-0.40625,-0.375,-0.34375,-0.3125,-0.28125,-0.25,-0.21875,-0.1875,-0.15625,-0.125,-0.09375,-0.0625,-0.03125,0,0.03125,0.0625,0.09375,0.125,0.15625,0.1875,0.21875,0.25,0.28125,0.3125,0.34375,0.375,0.40625,0.4375,0.46875,0.5,0.53125,0.5625,0.59375,0.625,0.65625,0.6875,0.71875,0.75,0.78125,0.8125,0.84375,0.875,0.90625,0.9375,0.96875,-1,-0.96875,-0.9375,-0.90625,-0.875,-0.84375,-0.8125,-0.78125,-0.75,-0.71875,-0.6875,-0.65625,-0.625,-0.59375,-0.5625,-0.53125,-0.5,-0.46875,-0.4375,-0.40625,-0.375,-0.34375,-0.3125,-0.28125,-0.25,-0.21875,-0.1875,-0.15625,-0.125,-0.09375,-0.0625,-0.03125,0,0.03125,0.0625,0.09375,0.125,0.15625,0.1875,0.21875,0.25,0.28125,0.3125,0.34375,0.375,0.40625,0.4375,0.46875,0.5,0.53125,0.5625,0.59375,0.625,0.65625,0.6875,0.71875,0.75,0.78125,0.8125,0.84375,0.875,0.90625,0.9375,0.96875,-1,-0.96875,-0.9375,-0.90625,-0.875,-0.84375,-0.8125,-0.78125,-0.75,-0.71875,-0.6875,-0.65625,-0.625,-0.59375,-0.5625,-0.53125,-0.5,-0.46875,-0.4375,-0.40625,-0.375,-0.34375,-0.3125,-0.28125,-0.25,-0.21875,-0.1875,-0.15625,-0.125,-0.09375,-0.0625,-0.03125,0,0.03125,0.0625,0.09375,0.125,0.15625,0.1875,0.21875,0.25,0.28125,0.3125,0.34375,0.375,0.40625,0.4375,0.46875,0.5,0.53125,0.5625,0.59375,0.625,0.65625,0.6875,0.71875,0.75,0.78125,0.8125,0.84375,0.875,0.90625,0.9375,0.96875,-1,-0.96875,-0.9375,-0.90625,-0.875,-0.84375,-0.8125,-0.78125,-0.75,-0.71875,-0.6875,-0.65625,-0.625,-0.59375,-0.5625,-0.53125,-0.5,-0.46875,-0.4375,-0.40625,-0.375,-0.34375,-0.3125,-0.28125,-0.25,-0.21875,-0.1875,-0.15625,-0.125,-0.09375,-0.0625,-0.03125,0,0.03125,0.0625,0.09375,0.125,0.15625,0.1875,0.21875,0.25,0.28125,0.3125,0.34375,0.375,0.40625,0.4375,0.46875,0.5,0.53125,0.5625,0.59375,0.625,0.65625,0.6875,0.71875,0.75,0.78125,0.8125,0.84375,0.875,0.90625,0.9375,0.96875,-1,-0.96875,-0.9375,-0.90625,-0.875,-0.84375,-0.8125,-0.78125,-0.75,-0.71875,-0.6875,-0.65625,-0.625,-0.59375,-0.5625,-0.53125,-0.5,-0.46875,-0.4375,-0.40625,-0.375,-0.34375,-0.3125,-0.28125,-0.25,-0.21875,-0.1875,-0.15625,-0.125,-0.09375,-0.0625,-0.03125,0,0.03125,0.0625,0.09375,0.125,0.15625,0.1875,0.21875,0.25,0.28125,0.3125,0.34375,0.375,0.40625,0.4375,0.46875,0.5,0.53125,0.5625,0.59375,0.625,0.65625,0.6875,0.71875,0.75,0.78125,0.8125,0.84375,0.875,0.90625,0.9375,0.96875,-1,-0.96875,-0.9375,-0.90625,-0.875,-0.84375,-0.8125,-0.78125,-0.75,-0.71875,-0.6875,-0.65625,-0.625,-0.59375,-0.5625,-0.53125,-0.5,-0.46875,-0.4375,-0.40625,-0.375,-0.34375,-0.3125,-0.28125,-0.25,-0.21875,-0.1875,-0.15625,-0.125,-0.09375,-0.0625,-0.03125,0,0.03125,0.0625,0.09375,0.125,0.15625,0.1875,0.21875,0.25,0.28125,0.3125,0.34375,0.375,0.40625,0.4375,0.46875,0.5,0.53125,0.5625,0.59375,0.625,0.65625,0.6875,0.71875,0.75,0.78125,0.8125,0.84375,0.875,0.90625,0.9375,0.96875,-1,-0.96875,-0.9375,-0.90625,-0.875,-0.84375,-0.8125,-0.78125,-0.75,-0.71875,-0.6875,-0.65625,-0.625,-0.59375,-0.5625,-0.53125,-0.5,-0.46875,-0.4375,-0.40625,-0.375,-0.34375,-0.3125,-0.28125,-0.25,-0.21875,-0.1875,-0.15625,-0.125,-0.09375,-0.0625,-0.03125,0,0.03125,0.0625,0.09375,0.125,0.15625,0.1875,0.21875,0.25,0.28125,0.3125,0.34375,0.375,0.40625,0.4375,0.46875,0.5,0.53125,0.5625,0.59375,0.625,0.65625,0.6875,0.71875,0.75,0.78125,0.8125,0.84375,0.875,0.90625,0.9375,0.96875,-1,-0.96875,-0.9375,-0.90625,-0.875,-0.84375,-0.8125,-0.78125,-0.75,-0.71875,-0.6875,-0.65625,-0.625,-0.59375,-0.5625,-0.53125,-0.5,-0.46875,-0.4375,-0.40625,-0.375,-0.34375,-0.3125,-0.28125,-0.25,-0.21875,-0.1875,-0.15625,-0.125,-0.09375,-0.0625,-0.03125,0,0.03125,0.0625,0.09375,0.125,0.15625,0.1875,0.21875,0.25,0.28125,0.3125,0.34375,0.375,0.40625,0.4375,0.46875,0.5,0.53125,0.5625,0.59375,0.625,0.65625,0.6875,0.71875,0.75,0.78125,0.8125,0.84375,0.875,0.90625,0.9375,0.96875}
vector2={-1,-1,-1,-1,-1,-1,-1,-1,-1,-1,-1,-1,-1,-1,-1,-1,-1,-1,-1,-1,-1,-1,-1,-1,-1,-1,-1,-1,-1,-1,-1,-1,-1,-1,-1,-1,-1,-1,-1,-1,-1,-1,-1,-1,-1,-1,-1,-1,-1,-1,-1,-1,-1,-1,-1,-1,-1,-1,-1,-1,-1,-1,-1,-1,-0.96875,-0.96875,-0.96875,-0.96875,-0.96875,-0.96875,-0.96875,-0.96875,-0.96875,-0.96875,-0.96875,-0.96875,-0.96875,-0.96875,-0.96875,-0.96875,-0.96875,-0.96875,-0.96875,-0.96875,-0.96875,-0.96875,-0.96875,-0.96875,-0.96875,-0.96875,-0.96875,-0.96875,-0.96875,-0.96875,-0.96875,-0.96875,-0.96875,-0.96875,-0.96875,-0.96875,-0.96875,-0.96875,-0.96875,-0.96875,-0.96875,-0.96875,-0.96875,-0.96875,-0.96875,-0.96875,-0.96875,-0.96875,-0.96875,-0.96875,-0.96875,-0.96875,-0.96875,-0.96875,-0.96875,-0.96875,-0.96875,-0.96875,-0.96875,-0.96875,-0.96875,-0.96875,-0.96875,-0.96875,-0.9375,-0.9375,-0.9375,-0.9375,-0.9375,-0.9375,-0.9375,-0.9375,-0.9375,-0.9375,-0.9375,-0.9375,-0.9375,-0.9375,-0.9375,-0.9375,-0.9375,-0.9375,-0.9375,-0.9375,-0.9375,-0.9375,-0.9375,-0.9375,-0.9375,-0.9375,-0.9375,-0.9375,-0.9375,-0.9375,-0.9375,-0.9375,-0.9375,-0.9375,-0.9375,-0.9375,-0.9375,-0.9375,-0.9375,-0.9375,-0.9375,-0.9375,-0.9375,-0.9375,-0.9375,-0.9375,-0.9375,-0.9375,-0.9375,-0.9375,-0.9375,-0.9375,-0.9375,-0.9375,-0.9375,-0.9375,-0.9375,-0.9375,-0.9375,-0.9375,-0.9375,-0.9375,-0.9375,-0.9375,-0.90625,-0.90625,-0.90625,-0.90625,-0.90625,-0.90625,-0.90625,-0.90625,-0.90625,-0.90625,-0.90625,-0.90625,-0.90625,-0.90625,-0.90625,-0.90625,-0.90625,-0.90625,-0.90625,-0.90625,-0.90625,-0.90625,-0.90625,-0.90625,-0.90625,-0.90625,-0.90625,-0.90625,-0.90625,-0.90625,-0.90625,-0.90625,-0.90625,-0.90625,-0.90625,-0.90625,-0.90625,-0.90625,-0.90625,-0.90625,-0.90625,-0.90625,-0.90625,-0.90625,-0.90625,-0.90625,-0.90625,-0.90625,-0.90625,-0.90625,-0.90625,-0.90625,-0.90625,-0.90625,-0.90625,-0.90625,-0.90625,-0.90625,-0.90625,-0.90625,-0.90625,-0.90625,-0.90625,-0.90625,-0.875,-0.875,-0.875,-0.875,-0.875,-0.875,-0.875,-0.875,-0.875,-0.875,-0.875,-0.875,-0.875,-0.875,-0.875,-0.875,-0.875,-0.875,-0.875,-0.875,-0.875,-0.875,-0.875,-0.875,-0.875,-0.875,-0.875,-0.875,-0.875,-0.875,-0.875,-0.875,-0.875,-0.875,-0.875,-0.875,-0.875,-0.875,-0.875,-0.875,-0.875,-0.875,-0.875,-0.875,-0.875,-0.875,-0.875,-0.875,-0.875,-0.875,-0.875,-0.875,-0.875,-0.875,-0.875,-0.875,-0.875,-0.875,-0.875,-0.875,-0.875,-0.875,-0.875,-0.875,-0.84375,-0.84375,-0.84375,-0.84375,-0.84375,-0.84375,-0.84375,-0.84375,-0.84375,-0.84375,-0.84375,-0.84375,-0.84375,-0.84375,-0.84375,-0.84375,-0.84375,-0.84375,-0.84375,-0.84375,-0.84375,-0.84375,-0.84375,-0.84375,-0.84375,-0.84375,-0.84375,-0.84375,-0.84375,-0.84375,-0.84375,-0.84375,-0.84375,-0.84375,-0.84375,-0.84375,-0.84375,-0.84375,-0.84375,-0.84375,-0.84375,-0.84375,-0.84375,-0.84375,-0.84375,-0.84375,-0.84375,-0.84375,-0.84375,-0.84375,-0.84375,-0.84375,-0.84375,-0.84375,-0.84375,-0.84375,-0.84375,-0.84375,-0.84375,-0.84375,-0.84375,-0.84375,-0.84375,-0.84375,-0.8125,-0.8125,-0.8125,-0.8125,-0.8125,-0.8125,-0.8125,-0.8125,-0.8125,-0.8125,-0.8125,-0.8125,-0.8125,-0.8125,-0.8125,-0.8125,-0.8125,-0.8125,-0.8125,-0.8125,-0.8125,-0.8125,-0.8125,-0.8125,-0.8125,-0.8125,-0.8125,-0.8125,-0.8125,-0.8125,-0.8125,-0.8125,-0.8125,-0.8125,-0.8125,-0.8125,-0.8125,-0.8125,-0.8125,-0.8125,-0.8125,-0.8125,-0.8125,-0.8125,-0.8125,-0.8125,-0.8125,-0.8125,-0.8125,-0.8125,-0.8125,-0.8125,-0.8125,-0.8125,-0.8125,-0.8125,-0.8125,-0.8125,-0.8125,-0.8125,-0.8125,-0.8125,-0.8125,-0.8125,-0.78125,-0.78125,-0.78125,-0.78125,-0.78125,-0.78125,-0.78125,-0.78125,-0.78125,-0.78125,-0.78125,-0.78125,-0.78125,-0.78125,-0.78125,-0.78125,-0.78125,-0.78125,-0.78125,-0.78125,-0.78125,-0.78125,-0.78125,-0.78125,-0.78125,-0.78125,-0.78125,-0.78125,-0.78125,-0.78125,-0.78125,-0.78125,-0.78125,-0.78125,-0.78125,-0.78125,-0.78125,-0.78125,-0.78125,-0.78125,-0.78125,-0.78125,-0.78125,-0.78125,-0.78125,-0.78125,-0.78125,-0.78125,-0.78125,-0.78125,-0.78125,-0.78125,-0.78125,-0.78125,-0.78125,-0.78125,-0.78125,-0.78125,-0.78125,-0.78125,-0.78125,-0.78125,-0.78125,-0.78125,-0.75,-0.75,-0.75,-0.75,-0.75,-0.75,-0.75,-0.75,-0.75,-0.75,-0.75,-0.75,-0.75,-0.75,-0.75,-0.75,-0.75,-0.75,-0.75,-0.75,-0.75,-0.75,-0.75,-0.75,-0.75,-0.75,-0.75,-0.75,-0.75,-0.75,-0.75,-0.75,-0.75,-0.75,-0.75,-0.75,-0.75,-0.75,-0.75,-0.75,-0.75,-0.75,-0.75,-0.75,-0.75,-0.75,-0.75,-0.75,-0.75,-0.75,-0.75,-0.75,-0.75,-0.75,-0.75,-0.75,-0.75,-0.75,-0.75,-0.75,-0.75,-0.75,-0.75,-0.75,-0.71875,-0.71875,-0.71875,-0.71875,-0.71875,-0.71875,-0.71875,-0.71875,-0.71875,-0.71875,-0.71875,-0.71875,-0.71875,-0.71875,-0.71875,-0.71875,-0.71875,-0.71875,-0.71875,-0.71875,-0.71875,-0.71875,-0.71875,-0.71875,-0.71875,-0.71875,-0.71875,-0.71875,-0.71875,-0.71875,-0.71875,-0.71875,-0.71875,-0.71875,-0.71875,-0.71875,-0.71875,-0.71875,-0.71875,-0.71875,-0.71875,-0.71875,-0.71875,-0.71875,-0.71875,-0.71875,-0.71875,-0.71875,-0.71875,-0.71875,-0.71875,-0.71875,-0.71875,-0.71875,-0.71875,-0.71875,-0.71875,-0.71875,-0.71875,-0.71875,-0.71875,-0.71875,-0.71875,-0.71875,-0.6875,-0.6875,-0.6875,-0.6875,-0.6875,-0.6875,-0.6875,-0.6875,-0.6875,-0.6875,-0.6875,-0.6875,-0.6875,-0.6875,-0.6875,-0.6875,-0.6875,-0.6875,-0.6875,-0.6875,-0.6875,-0.6875,-0.6875,-0.6875,-0.6875,-0.6875,-0.6875,-0.6875,-0.6875,-0.6875,-0.6875,-0.6875,-0.6875,-0.6875,-0.6875,-0.6875,-0.6875,-0.6875,-0.6875,-0.6875,-0.6875,-0.6875,-0.6875,-0.6875,-0.6875,-0.6875,-0.6875,-0.6875,-0.6875,-0.6875,-0.6875,-0.6875,-0.6875,-0.6875,-0.6875,-0.6875,-0.6875,-0.6875,-0.6875,-0.6875,-0.6875,-0.6875,-0.6875,-0.6875,-0.65625,-0.65625,-0.65625,-0.65625,-0.65625,-0.65625,-0.65625,-0.65625,-0.65625,-0.65625,-0.65625,-0.65625,-0.65625,-0.65625,-0.65625,-0.65625,-0.65625,-0.65625,-0.65625,-0.65625,-0.65625,-0.65625,-0.65625,-0.65625,-0.65625,-0.65625,-0.65625,-0.65625,-0.65625,-0.65625,-0.65625,-0.65625,-0.65625,-0.65625,-0.65625,-0.65625,-0.65625,-0.65625,-0.65625,-0.65625,-0.65625,-0.65625,-0.65625,-0.65625,-0.65625,-0.65625,-0.65625,-0.65625,-0.65625,-0.65625,-0.65625,-0.65625,-0.65625,-0.65625,-0.65625,-0.65625,-0.65625,-0.65625,-0.65625,-0.65625,-0.65625,-0.65625,-0.65625,-0.65625,-0.625,-0.625,-0.625,-0.625,-0.625,-0.625,-0.625,-0.625,-0.625,-0.625,-0.625,-0.625,-0.625,-0.625,-0.625,-0.625,-0.625,-0.625,-0.625,-0.625,-0.625,-0.625,-0.625,-0.625,-0.625,-0.625,-0.625,-0.625,-0.625,-0.625,-0.625,-0.625,-0.625,-0.625,-0.625,-0.625,-0.625,-0.625,-0.625,-0.625,-0.625,-0.625,-0.625,-0.625,-0.625,-0.625,-0.625,-0.625,-0.625,-0.625,-0.625,-0.625,-0.625,-0.625,-0.625,-0.625,-0.625,-0.625,-0.625,-0.625,-0.625,-0.625,-0.625,-0.625,-0.59375,-0.59375,-0.59375,-0.59375,-0.59375,-0.59375,-0.59375,-0.59375,-0.59375,-0.59375,-0.59375,-0.59375,-0.59375,-0.59375,-0.59375,-0.59375,-0.59375,-0.59375,-0.59375,-0.59375,-0.59375,-0.59375,-0.59375,-0.59375,-0.59375,-0.59375,-0.59375,-0.59375,-0.59375,-0.59375,-0.59375,-0.59375,-0.59375,-0.59375,-0.59375,-0.59375,-0.59375,-0.59375,-0.59375,-0.59375,-0.59375,-0.59375,-0.59375,-0.59375,-0.59375,-0.59375,-0.59375,-0.59375,-0.59375,-0.59375,-0.59375,-0.59375,-0.59375,-0.59375,-0.59375,-0.59375,-0.59375,-0.59375,-0.59375,-0.59375,-0.59375,-0.59375,-0.59375,-0.59375,-0.5625,-0.5625,-0.5625,-0.5625,-0.5625,-0.5625,-0.5625,-0.5625,-0.5625,-0.5625,-0.5625,-0.5625,-0.5625,-0.5625,-0.5625,-0.5625,-0.5625,-0.5625,-0.5625,-0.5625,-0.5625,-0.5625,-0.5625,-0.5625,-0.5625,-0.5625,-0.5625,-0.5625,-0.5625,-0.5625,-0.5625,-0.5625,-0.5625,-0.5625,-0.5625,-0.5625,-0.5625,-0.5625,-0.5625,-0.5625,-0.5625,-0.5625,-0.5625,-0.5625,-0.5625,-0.5625,-0.5625,-0.5625,-0.5625,-0.5625,-0.5625,-0.5625,-0.5625,-0.5625,-0.5625,-0.5625,-0.5625,-0.5625,-0.5625,-0.5625,-0.5625,-0.5625,-0.5625,-0.5625,-0.53125,-0.53125,-0.53125,-0.53125,-0.53125,-0.53125,-0.53125,-0.53125,-0.53125,-0.53125,-0.53125,-0.53125,-0.53125,-0.53125,-0.53125,-0.53125,-0.53125,-0.53125,-0.53125,-0.53125,-0.53125,-0.53125,-0.53125,-0.53125,-0.53125,-0.53125,-0.53125,-0.53125,-0.53125,-0.53125,-0.53125,-0.53125,-0.53125,-0.53125,-0.53125,-0.53125,-0.53125,-0.53125,-0.53125,-0.53125,-0.53125,-0.53125,-0.53125,-0.53125,-0.53125,-0.53125,-0.53125,-0.53125,-0.53125,-0.53125,-0.53125,-0.53125,-0.53125,-0.53125,-0.53125,-0.53125,-0.53125,-0.53125,-0.53125,-0.53125,-0.53125,-0.53125,-0.53125,-0.53125,-0.5,-0.5,-0.5,-0.5,-0.5,-0.5,-0.5,-0.5,-0.5,-0.5,-0.5,-0.5,-0.5,-0.5,-0.5,-0.5,-0.5,-0.5,-0.5,-0.5,-0.5,-0.5,-0.5,-0.5,-0.5,-0.5,-0.5,-0.5,-0.5,-0.5,-0.5,-0.5,-0.5,-0.5,-0.5,-0.5,-0.5,-0.5,-0.5,-0.5,-0.5,-0.5,-0.5,-0.5,-0.5,-0.5,-0.5,-0.5,-0.5,-0.5,-0.5,-0.5,-0.5,-0.5,-0.5,-0.5,-0.5,-0.5,-0.5,-0.5,-0.5,-0.5,-0.5,-0.5,-0.46875,-0.46875,-0.46875,-0.46875,-0.46875,-0.46875,-0.46875,-0.46875,-0.46875,-0.46875,-0.46875,-0.46875,-0.46875,-0.46875,-0.46875,-0.46875,-0.46875,-0.46875,-0.46875,-0.46875,-0.46875,-0.46875,-0.46875,-0.46875,-0.46875,-0.46875,-0.46875,-0.46875,-0.46875,-0.46875,-0.46875,-0.46875,-0.46875,-0.46875,-0.46875,-0.46875,-0.46875,-0.46875,-0.46875,-0.46875,-0.46875,-0.46875,-0.46875,-0.46875,-0.46875,-0.46875,-0.46875,-0.46875,-0.46875,-0.46875,-0.46875,-0.46875,-0.46875,-0.46875,-0.46875,-0.46875,-0.46875,-0.46875,-0.46875,-0.46875,-0.46875,-0.46875,-0.46875,-0.46875,-0.4375,-0.4375,-0.4375,-0.4375,-0.4375,-0.4375,-0.4375,-0.4375,-0.4375,-0.4375,-0.4375,-0.4375,-0.4375,-0.4375,-0.4375,-0.4375,-0.4375,-0.4375,-0.4375,-0.4375,-0.4375,-0.4375,-0.4375,-0.4375,-0.4375,-0.4375,-0.4375,-0.4375,-0.4375,-0.4375,-0.4375,-0.4375,-0.4375,-0.4375,-0.4375,-0.4375,-0.4375,-0.4375,-0.4375,-0.4375,-0.4375,-0.4375,-0.4375,-0.4375,-0.4375,-0.4375,-0.4375,-0.4375,-0.4375,-0.4375,-0.4375,-0.4375,-0.4375,-0.4375,-0.4375,-0.4375,-0.4375,-0.4375,-0.4375,-0.4375,-0.4375,-0.4375,-0.4375,-0.4375,-0.40625,-0.40625,-0.40625,-0.40625,-0.40625,-0.40625,-0.40625,-0.40625,-0.40625,-0.40625,-0.40625,-0.40625,-0.40625,-0.40625,-0.40625,-0.40625,-0.40625,-0.40625,-0.40625,-0.40625,-0.40625,-0.40625,-0.40625,-0.40625,-0.40625,-0.40625,-0.40625,-0.40625,-0.40625,-0.40625,-0.40625,-0.40625,-0.40625,-0.40625,-0.40625,-0.40625,-0.40625,-0.40625,-0.40625,-0.40625,-0.40625,-0.40625,-0.40625,-0.40625,-0.40625,-0.40625,-0.40625,-0.40625,-0.40625,-0.40625,-0.40625,-0.40625,-0.40625,-0.40625,-0.40625,-0.40625,-0.40625,-0.40625,-0.40625,-0.40625,-0.40625,-0.40625,-0.40625,-0.40625,-0.375,-0.375,-0.375,-0.375,-0.375,-0.375,-0.375,-0.375,-0.375,-0.375,-0.375,-0.375,-0.375,-0.375,-0.375,-0.375,-0.375,-0.375,-0.375,-0.375,-0.375,-0.375,-0.375,-0.375,-0.375,-0.375,-0.375,-0.375,-0.375,-0.375,-0.375,-0.375,-0.375,-0.375,-0.375,-0.375,-0.375,-0.375,-0.375,-0.375,-0.375,-0.375,-0.375,-0.375,-0.375,-0.375,-0.375,-0.375,-0.375,-0.375,-0.375,-0.375,-0.375,-0.375,-0.375,-0.375,-0.375,-0.375,-0.375,-0.375,-0.375,-0.375,-0.375,-0.375,-0.34375,-0.34375,-0.34375,-0.34375,-0.34375,-0.34375,-0.34375,-0.34375,-0.34375,-0.34375,-0.34375,-0.34375,-0.34375,-0.34375,-0.34375,-0.34375,-0.34375,-0.34375,-0.34375,-0.34375,-0.34375,-0.34375,-0.34375,-0.34375,-0.34375,-0.34375,-0.34375,-0.34375,-0.34375,-0.34375,-0.34375,-0.34375,-0.34375,-0.34375,-0.34375,-0.34375,-0.34375,-0.34375,-0.34375,-0.34375,-0.34375,-0.34375,-0.34375,-0.34375,-0.34375,-0.34375,-0.34375,-0.34375,-0.34375,-0.34375,-0.34375,-0.34375,-0.34375,-0.34375,-0.34375,-0.34375,-0.34375,-0.34375,-0.34375,-0.34375,-0.34375,-0.34375,-0.34375,-0.34375,-0.3125,-0.3125,-0.3125,-0.3125,-0.3125,-0.3125,-0.3125,-0.3125,-0.3125,-0.3125,-0.3125,-0.3125,-0.3125,-0.3125,-0.3125,-0.3125,-0.3125,-0.3125,-0.3125,-0.3125,-0.3125,-0.3125,-0.3125,-0.3125,-0.3125,-0.3125,-0.3125,-0.3125,-0.3125,-0.3125,-0.3125,-0.3125,-0.3125,-0.3125,-0.3125,-0.3125,-0.3125,-0.3125,-0.3125,-0.3125,-0.3125,-0.3125,-0.3125,-0.3125,-0.3125,-0.3125,-0.3125,-0.3125,-0.3125,-0.3125,-0.3125,-0.3125,-0.3125,-0.3125,-0.3125,-0.3125,-0.3125,-0.3125,-0.3125,-0.3125,-0.3125,-0.3125,-0.3125,-0.3125,-0.28125,-0.28125,-0.28125,-0.28125,-0.28125,-0.28125,-0.28125,-0.28125,-0.28125,-0.28125,-0.28125,-0.28125,-0.28125,-0.28125,-0.28125,-0.28125,-0.28125,-0.28125,-0.28125,-0.28125,-0.28125,-0.28125,-0.28125,-0.28125,-0.28125,-0.28125,-0.28125,-0.28125,-0.28125,-0.28125,-0.28125,-0.28125,-0.28125,-0.28125,-0.28125,-0.28125,-0.28125,-0.28125,-0.28125,-0.28125,-0.28125,-0.28125,-0.28125,-0.28125,-0.28125,-0.28125,-0.28125,-0.28125,-0.28125,-0.28125,-0.28125,-0.28125,-0.28125,-0.28125,-0.28125,-0.28125,-0.28125,-0.28125,-0.28125,-0.28125,-0.28125,-0.28125,-0.28125,-0.28125,-0.25,-0.25,-0.25,-0.25,-0.25,-0.25,-0.25,-0.25,-0.25,-0.25,-0.25,-0.25,-0.25,-0.25,-0.25,-0.25,-0.25,-0.25,-0.25,-0.25,-0.25,-0.25,-0.25,-0.25,-0.25,-0.25,-0.25,-0.25,-0.25,-0.25,-0.25,-0.25,-0.25,-0.25,-0.25,-0.25,-0.25,-0.25,-0.25,-0.25,-0.25,-0.25,-0.25,-0.25,-0.25,-0.25,-0.25,-0.25,-0.25,-0.25,-0.25,-0.25,-0.25,-0.25,-0.25,-0.25,-0.25,-0.25,-0.25,-0.25,-0.25,-0.25,-0.25,-0.25,-0.21875,-0.21875,-0.21875,-0.21875,-0.21875,-0.21875,-0.21875,-0.21875,-0.21875,-0.21875,-0.21875,-0.21875,-0.21875,-0.21875,-0.21875,-0.21875,-0.21875,-0.21875,-0.21875,-0.21875,-0.21875,-0.21875,-0.21875,-0.21875,-0.21875,-0.21875,-0.21875,-0.21875,-0.21875,-0.21875,-0.21875,-0.21875,-0.21875,-0.21875,-0.21875,-0.21875,-0.21875,-0.21875,-0.21875,-0.21875,-0.21875,-0.21875,-0.21875,-0.21875,-0.21875,-0.21875,-0.21875,-0.21875,-0.21875,-0.21875,-0.21875,-0.21875,-0.21875,-0.21875,-0.21875,-0.21875,-0.21875,-0.21875,-0.21875,-0.21875,-0.21875,-0.21875,-0.21875,-0.21875,-0.1875,-0.1875,-0.1875,-0.1875,-0.1875,-0.1875,-0.1875,-0.1875,-0.1875,-0.1875,-0.1875,-0.1875,-0.1875,-0.1875,-0.1875,-0.1875,-0.1875,-0.1875,-0.1875,-0.1875,-0.1875,-0.1875,-0.1875,-0.1875,-0.1875,-0.1875,-0.1875,-0.1875,-0.1875,-0.1875,-0.1875,-0.1875,-0.1875,-0.1875,-0.1875,-0.1875,-0.1875,-0.1875,-0.1875,-0.1875,-0.1875,-0.1875,-0.1875,-0.1875,-0.1875,-0.1875,-0.1875,-0.1875,-0.1875,-0.1875,-0.1875,-0.1875,-0.1875,-0.1875,-0.1875,-0.1875,-0.1875,-0.1875,-0.1875,-0.1875,-0.1875,-0.1875,-0.1875,-0.1875,-0.15625,-0.15625,-0.15625,-0.15625,-0.15625,-0.15625,-0.15625,-0.15625,-0.15625,-0.15625,-0.15625,-0.15625,-0.15625,-0.15625,-0.15625,-0.15625,-0.15625,-0.15625,-0.15625,-0.15625,-0.15625,-0.15625,-0.15625,-0.15625,-0.15625,-0.15625,-0.15625,-0.15625,-0.15625,-0.15625,-0.15625,-0.15625,-0.15625,-0.15625,-0.15625,-0.15625,-0.15625,-0.15625,-0.15625,-0.15625,-0.15625,-0.15625,-0.15625,-0.15625,-0.15625,-0.15625,-0.15625,-0.15625,-0.15625,-0.15625,-0.15625,-0.15625,-0.15625,-0.15625,-0.15625,-0.15625,-0.15625,-0.15625,-0.15625,-0.15625,-0.15625,-0.15625,-0.15625,-0.15625,-0.125,-0.125,-0.125,-0.125,-0.125,-0.125,-0.125,-0.125,-0.125,-0.125,-0.125,-0.125,-0.125,-0.125,-0.125,-0.125,-0.125,-0.125,-0.125,-0.125,-0.125,-0.125,-0.125,-0.125,-0.125,-0.125,-0.125,-0.125,-0.125,-0.125,-0.125,-0.125,-0.125,-0.125,-0.125,-0.125,-0.125,-0.125,-0.125,-0.125,-0.125,-0.125,-0.125,-0.125,-0.125,-0.125,-0.125,-0.125,-0.125,-0.125,-0.125,-0.125,-0.125,-0.125,-0.125,-0.125,-0.125,-0.125,-0.125,-0.125,-0.125,-0.125,-0.125,-0.125,-0.09375,-0.09375,-0.09375,-0.09375,-0.09375,-0.09375,-0.09375,-0.09375,-0.09375,-0.09375,-0.09375,-0.09375,-0.09375,-0.09375,-0.09375,-0.09375,-0.09375,-0.09375,-0.09375,-0.09375,-0.09375,-0.09375,-0.09375,-0.09375,-0.09375,-0.09375,-0.09375,-0.09375,-0.09375,-0.09375,-0.09375,-0.09375,-0.09375,-0.09375,-0.09375,-0.09375,-0.09375,-0.09375,-0.09375,-0.09375,-0.09375,-0.09375,-0.09375,-0.09375,-0.09375,-0.09375,-0.09375,-0.09375,-0.09375,-0.09375,-0.09375,-0.09375,-0.09375,-0.09375,-0.09375,-0.09375,-0.09375,-0.09375,-0.09375,-0.09375,-0.09375,-0.09375,-0.09375,-0.09375,-0.0625,-0.0625,-0.0625,-0.0625,-0.0625,-0.0625,-0.0625,-0.0625,-0.0625,-0.0625,-0.0625,-0.0625,-0.0625,-0.0625,-0.0625,-0.0625,-0.0625,-0.0625,-0.0625,-0.0625,-0.0625,-0.0625,-0.0625,-0.0625,-0.0625,-0.0625,-0.0625,-0.0625,-0.0625,-0.0625,-0.0625,-0.0625,-0.0625,-0.0625,-0.0625,-0.0625,-0.0625,-0.0625,-0.0625,-0.0625,-0.0625,-0.0625,-0.0625,-0.0625,-0.0625,-0.0625,-0.0625,-0.0625,-0.0625,-0.0625,-0.0625,-0.0625,-0.0625,-0.0625,-0.0625,-0.0625,-0.0625,-0.0625,-0.0625,-0.0625,-0.0625,-0.0625,-0.0625,-0.0625,-0.03125,-0.03125,-0.03125,-0.03125,-0.03125,-0.03125,-0.03125,-0.03125,-0.03125,-0.03125,-0.03125,-0.03125,-0.03125,-0.03125,-0.03125,-0.03125,-0.03125,-0.03125,-0.03125,-0.03125,-0.03125,-0.03125,-0.03125,-0.03125,-0.03125,-0.03125,-0.03125,-0.03125,-0.03125,-0.03125,-0.03125,-0.03125,-0.03125,-0.03125,-0.03125,-0.03125,-0.03125,-0.03125,-0.03125,-0.03125,-0.03125,-0.03125,-0.03125,-0.03125,-0.03125,-0.03125,-0.03125,-0.03125,-0.03125,-0.03125,-0.03125,-0.03125,-0.03125,-0.03125,-0.03125,-0.03125,-0.03125,-0.03125,-0.03125,-0.03125,-0.03125,-0.03125,-0.03125,-0.03125,0,0,0,0,0,0,0,0,0,0,0,0,0,0,0,0,0,0,0,0,0,0,0,0,0,0,0,0,0,0,0,0,0,0,0,0,0,0,0,0,0,0,0,0,0,0,0,0,0,0,0,0,0,0,0,0,0,0,0,0,0,0,0,0,0.03125,0.03125,0.03125,0.03125,0.03125,0.03125,0.03125,0.03125,0.03125,0.03125,0.03125,0.03125,0.03125,0.03125,0.03125,0.03125,0.03125,0.03125,0.03125,0.03125,0.03125,0.03125,0.03125,0.03125,0.03125,0.03125,0.03125,0.03125,0.03125,0.03125,0.03125,0.03125,0.03125,0.03125,0.03125,0.03125,0.03125,0.03125,0.03125,0.03125,0.03125,0.03125,0.03125,0.03125,0.03125,0.03125,0.03125,0.03125,0.03125,0.03125,0.03125,0.03125,0.03125,0.03125,0.03125,0.03125,0.03125,0.03125,0.03125,0.03125,0.03125,0.03125,0.03125,0.03125,0.0625,0.0625,0.0625,0.0625,0.0625,0.0625,0.0625,0.0625,0.0625,0.0625,0.0625,0.0625,0.0625,0.0625,0.0625,0.0625,0.0625,0.0625,0.0625,0.0625,0.0625,0.0625,0.0625,0.0625,0.0625,0.0625,0.0625,0.0625,0.0625,0.0625,0.0625,0.0625,0.0625,0.0625,0.0625,0.0625,0.0625,0.0625,0.0625,0.0625,0.0625,0.0625,0.0625,0.0625,0.0625,0.0625,0.0625,0.0625,0.0625,0.0625,0.0625,0.0625,0.0625,0.0625,0.0625,0.0625,0.0625,0.0625,0.0625,0.0625,0.0625,0.0625,0.0625,0.0625,0.09375,0.09375,0.09375,0.09375,0.09375,0.09375,0.09375,0.09375,0.09375,0.09375,0.09375,0.09375,0.09375,0.09375,0.09375,0.09375,0.09375,0.09375,0.09375,0.09375,0.09375,0.09375,0.09375,0.09375,0.09375,0.09375,0.09375,0.09375,0.09375,0.09375,0.09375,0.09375,0.09375,0.09375,0.09375,0.09375,0.09375,0.09375,0.09375,0.09375,0.09375,0.09375,0.09375,0.09375,0.09375,0.09375,0.09375,0.09375,0.09375,0.09375,0.09375,0.09375,0.09375,0.09375,0.09375,0.09375,0.09375,0.09375,0.09375,0.09375,0.09375,0.09375,0.09375,0.09375,0.125,0.125,0.125,0.125,0.125,0.125,0.125,0.125,0.125,0.125,0.125,0.125,0.125,0.125,0.125,0.125,0.125,0.125,0.125,0.125,0.125,0.125,0.125,0.125,0.125,0.125,0.125,0.125,0.125,0.125,0.125,0.125,0.125,0.125,0.125,0.125,0.125,0.125,0.125,0.125,0.125,0.125,0.125,0.125,0.125,0.125,0.125,0.125,0.125,0.125,0.125,0.125,0.125,0.125,0.125,0.125,0.125,0.125,0.125,0.125,0.125,0.125,0.125,0.125,0.15625,0.15625,0.15625,0.15625,0.15625,0.15625,0.15625,0.15625,0.15625,0.15625,0.15625,0.15625,0.15625,0.15625,0.15625,0.15625,0.15625,0.15625,0.15625,0.15625,0.15625,0.15625,0.15625,0.15625,0.15625,0.15625,0.15625,0.15625,0.15625,0.15625,0.15625,0.15625,0.15625,0.15625,0.15625,0.15625,0.15625,0.15625,0.15625,0.15625,0.15625,0.15625,0.15625,0.15625,0.15625,0.15625,0.15625,0.15625,0.15625,0.15625,0.15625,0.15625,0.15625,0.15625,0.15625,0.15625,0.15625,0.15625,0.15625,0.15625,0.15625,0.15625,0.15625,0.15625,0.1875,0.1875,0.1875,0.1875,0.1875,0.1875,0.1875,0.1875,0.1875,0.1875,0.1875,0.1875,0.1875,0.1875,0.1875,0.1875,0.1875,0.1875,0.1875,0.1875,0.1875,0.1875,0.1875,0.1875,0.1875,0.1875,0.1875,0.1875,0.1875,0.1875,0.1875,0.1875,0.1875,0.1875,0.1875,0.1875,0.1875,0.1875,0.1875,0.1875,0.1875,0.1875,0.1875,0.1875,0.1875,0.1875,0.1875,0.1875,0.1875,0.1875,0.1875,0.1875,0.1875,0.1875,0.1875,0.1875,0.1875,0.1875,0.1875,0.1875,0.1875,0.1875,0.1875,0.1875,0.21875,0.21875,0.21875,0.21875,0.21875,0.21875,0.21875,0.21875,0.21875,0.21875,0.21875,0.21875,0.21875,0.21875,0.21875,0.21875,0.21875,0.21875,0.21875,0.21875,0.21875,0.21875,0.21875,0.21875,0.21875,0.21875,0.21875,0.21875,0.21875,0.21875,0.21875,0.21875,0.21875,0.21875,0.21875,0.21875,0.21875,0.21875,0.21875,0.21875,0.21875,0.21875,0.21875,0.21875,0.21875,0.21875,0.21875,0.21875,0.21875,0.21875,0.21875,0.21875,0.21875,0.21875,0.21875,0.21875,0.21875,0.21875,0.21875,0.21875,0.21875,0.21875,0.21875,0.21875,0.25,0.25,0.25,0.25,0.25,0.25,0.25,0.25,0.25,0.25,0.25,0.25,0.25,0.25,0.25,0.25,0.25,0.25,0.25,0.25,0.25,0.25,0.25,0.25,0.25,0.25,0.25,0.25,0.25,0.25,0.25,0.25,0.25,0.25,0.25,0.25,0.25,0.25,0.25,0.25,0.25,0.25,0.25,0.25,0.25,0.25,0.25,0.25,0.25,0.25,0.25,0.25,0.25,0.25,0.25,0.25,0.25,0.25,0.25,0.25,0.25,0.25,0.25,0.25,0.28125,0.28125,0.28125,0.28125,0.28125,0.28125,0.28125,0.28125,0.28125,0.28125,0.28125,0.28125,0.28125,0.28125,0.28125,0.28125,0.28125,0.28125,0.28125,0.28125,0.28125,0.28125,0.28125,0.28125,0.28125,0.28125,0.28125,0.28125,0.28125,0.28125,0.28125,0.28125,0.28125,0.28125,0.28125,0.28125,0.28125,0.28125,0.28125,0.28125,0.28125,0.28125,0.28125,0.28125,0.28125,0.28125,0.28125,0.28125,0.28125,0.28125,0.28125,0.28125,0.28125,0.28125,0.28125,0.28125,0.28125,0.28125,0.28125,0.28125,0.28125,0.28125,0.28125,0.28125,0.3125,0.3125,0.3125,0.3125,0.3125,0.3125,0.3125,0.3125,0.3125,0.3125,0.3125,0.3125,0.3125,0.3125,0.3125,0.3125,0.3125,0.3125,0.3125,0.3125,0.3125,0.3125,0.3125,0.3125,0.3125,0.3125,0.3125,0.3125,0.3125,0.3125,0.3125,0.3125,0.3125,0.3125,0.3125,0.3125,0.3125,0.3125,0.3125,0.3125,0.3125,0.3125,0.3125,0.3125,0.3125,0.3125,0.3125,0.3125,0.3125,0.3125,0.3125,0.3125,0.3125,0.3125,0.3125,0.3125,0.3125,0.3125,0.3125,0.3125,0.3125,0.3125,0.3125,0.3125,0.34375,0.34375,0.34375,0.34375,0.34375,0.34375,0.34375,0.34375,0.34375,0.34375,0.34375,0.34375,0.34375,0.34375,0.34375,0.34375,0.34375,0.34375,0.34375,0.34375,0.34375,0.34375,0.34375,0.34375,0.34375,0.34375,0.34375,0.34375,0.34375,0.34375,0.34375,0.34375,0.34375,0.34375,0.34375,0.34375,0.34375,0.34375,0.34375,0.34375,0.34375,0.34375,0.34375,0.34375,0.34375,0.34375,0.34375,0.34375,0.34375,0.34375,0.34375,0.34375,0.34375,0.34375,0.34375,0.34375,0.34375,0.34375,0.34375,0.34375,0.34375,0.34375,0.34375,0.34375,0.375,0.375,0.375,0.375,0.375,0.375,0.375,0.375,0.375,0.375,0.375,0.375,0.375,0.375,0.375,0.375,0.375,0.375,0.375,0.375,0.375,0.375,0.375,0.375,0.375,0.375,0.375,0.375,0.375,0.375,0.375,0.375,0.375,0.375,0.375,0.375,0.375,0.375,0.375,0.375,0.375,0.375,0.375,0.375,0.375,0.375,0.375,0.375,0.375,0.375,0.375,0.375,0.375,0.375,0.375,0.375,0.375,0.375,0.375,0.375,0.375,0.375,0.375,0.375,0.40625,0.40625,0.40625,0.40625,0.40625,0.40625,0.40625,0.40625,0.40625,0.40625,0.40625,0.40625,0.40625,0.40625,0.40625,0.40625,0.40625,0.40625,0.40625,0.40625,0.40625,0.40625,0.40625,0.40625,0.40625,0.40625,0.40625,0.40625,0.40625,0.40625,0.40625,0.40625,0.40625,0.40625,0.40625,0.40625,0.40625,0.40625,0.40625,0.40625,0.40625,0.40625,0.40625,0.40625,0.40625,0.40625,0.40625,0.40625,0.40625,0.40625,0.40625,0.40625,0.40625,0.40625,0.40625,0.40625,0.40625,0.40625,0.40625,0.40625,0.40625,0.40625,0.40625,0.40625,0.4375,0.4375,0.4375,0.4375,0.4375,0.4375,0.4375,0.4375,0.4375,0.4375,0.4375,0.4375,0.4375,0.4375,0.4375,0.4375,0.4375,0.4375,0.4375,0.4375,0.4375,0.4375,0.4375,0.4375,0.4375,0.4375,0.4375,0.4375,0.4375,0.4375,0.4375,0.4375,0.4375,0.4375,0.4375,0.4375,0.4375,0.4375,0.4375,0.4375,0.4375,0.4375,0.4375,0.4375,0.4375,0.4375,0.4375,0.4375,0.4375,0.4375,0.4375,0.4375,0.4375,0.4375,0.4375,0.4375,0.4375,0.4375,0.4375,0.4375,0.4375,0.4375,0.4375,0.4375,0.46875,0.46875,0.46875,0.46875,0.46875,0.46875,0.46875,0.46875,0.46875,0.46875,0.46875,0.46875,0.46875,0.46875,0.46875,0.46875,0.46875,0.46875,0.46875,0.46875,0.46875,0.46875,0.46875,0.46875,0.46875,0.46875,0.46875,0.46875,0.46875,0.46875,0.46875,0.46875,0.46875,0.46875,0.46875,0.46875,0.46875,0.46875,0.46875,0.46875,0.46875,0.46875,0.46875,0.46875,0.46875,0.46875,0.46875,0.46875,0.46875,0.46875,0.46875,0.46875,0.46875,0.46875,0.46875,0.46875,0.46875,0.46875,0.46875,0.46875,0.46875,0.46875,0.46875,0.46875,0.5,0.5,0.5,0.5,0.5,0.5,0.5,0.5,0.5,0.5,0.5,0.5,0.5,0.5,0.5,0.5,0.5,0.5,0.5,0.5,0.5,0.5,0.5,0.5,0.5,0.5,0.5,0.5,0.5,0.5,0.5,0.5,0.5,0.5,0.5,0.5,0.5,0.5,0.5,0.5,0.5,0.5,0.5,0.5,0.5,0.5,0.5,0.5,0.5,0.5,0.5,0.5,0.5,0.5,0.5,0.5,0.5,0.5,0.5,0.5,0.5,0.5,0.5,0.5,0.53125,0.53125,0.53125,0.53125,0.53125,0.53125,0.53125,0.53125,0.53125,0.53125,0.53125,0.53125,0.53125,0.53125,0.53125,0.53125,0.53125,0.53125,0.53125,0.53125,0.53125,0.53125,0.53125,0.53125,0.53125,0.53125,0.53125,0.53125,0.53125,0.53125,0.53125,0.53125,0.53125,0.53125,0.53125,0.53125,0.53125,0.53125,0.53125,0.53125,0.53125,0.53125,0.53125,0.53125,0.53125,0.53125,0.53125,0.53125,0.53125,0.53125,0.53125,0.53125,0.53125,0.53125,0.53125,0.53125,0.53125,0.53125,0.53125,0.53125,0.53125,0.53125,0.53125,0.53125,0.5625,0.5625,0.5625,0.5625,0.5625,0.5625,0.5625,0.5625,0.5625,0.5625,0.5625,0.5625,0.5625,0.5625,0.5625,0.5625,0.5625,0.5625,0.5625,0.5625,0.5625,0.5625,0.5625,0.5625,0.5625,0.5625,0.5625,0.5625,0.5625,0.5625,0.5625,0.5625,0.5625,0.5625,0.5625,0.5625,0.5625,0.5625,0.5625,0.5625,0.5625,0.5625,0.5625,0.5625,0.5625,0.5625,0.5625,0.5625,0.5625,0.5625,0.5625,0.5625,0.5625,0.5625,0.5625,0.5625,0.5625,0.5625,0.5625,0.5625,0.5625,0.5625,0.5625,0.5625,0.59375,0.59375,0.59375,0.59375,0.59375,0.59375,0.59375,0.59375,0.59375,0.59375,0.59375,0.59375,0.59375,0.59375,0.59375,0.59375,0.59375,0.59375,0.59375,0.59375,0.59375,0.59375,0.59375,0.59375,0.59375,0.59375,0.59375,0.59375,0.59375,0.59375,0.59375,0.59375,0.59375,0.59375,0.59375,0.59375,0.59375,0.59375,0.59375,0.59375,0.59375,0.59375,0.59375,0.59375,0.59375,0.59375,0.59375,0.59375,0.59375,0.59375,0.59375,0.59375,0.59375,0.59375,0.59375,0.59375,0.59375,0.59375,0.59375,0.59375,0.59375,0.59375,0.59375,0.59375,0.625,0.625,0.625,0.625,0.625,0.625,0.625,0.625,0.625,0.625,0.625,0.625,0.625,0.625,0.625,0.625,0.625,0.625,0.625,0.625,0.625,0.625,0.625,0.625,0.625,0.625,0.625,0.625,0.625,0.625,0.625,0.625,0.625,0.625,0.625,0.625,0.625,0.625,0.625,0.625,0.625,0.625,0.625,0.625,0.625,0.625,0.625,0.625,0.625,0.625,0.625,0.625,0.625,0.625,0.625,0.625,0.625,0.625,0.625,0.625,0.625,0.625,0.625,0.625,0.65625,0.65625,0.65625,0.65625,0.65625,0.65625,0.65625,0.65625,0.65625,0.65625,0.65625,0.65625,0.65625,0.65625,0.65625,0.65625,0.65625,0.65625,0.65625,0.65625,0.65625,0.65625,0.65625,0.65625,0.65625,0.65625,0.65625,0.65625,0.65625,0.65625,0.65625,0.65625,0.65625,0.65625,0.65625,0.65625,0.65625,0.65625,0.65625,0.65625,0.65625,0.65625,0.65625,0.65625,0.65625,0.65625,0.65625,0.65625,0.65625,0.65625,0.65625,0.65625,0.65625,0.65625,0.65625,0.65625,0.65625,0.65625,0.65625,0.65625,0.65625,0.65625,0.65625,0.65625,0.6875,0.6875,0.6875,0.6875,0.6875,0.6875,0.6875,0.6875,0.6875,0.6875,0.6875,0.6875,0.6875,0.6875,0.6875,0.6875,0.6875,0.6875,0.6875,0.6875,0.6875,0.6875,0.6875,0.6875,0.6875,0.6875,0.6875,0.6875,0.6875,0.6875,0.6875,0.6875,0.6875,0.6875,0.6875,0.6875,0.6875,0.6875,0.6875,0.6875,0.6875,0.6875,0.6875,0.6875,0.6875,0.6875,0.6875,0.6875,0.6875,0.6875,0.6875,0.6875,0.6875,0.6875,0.6875,0.6875,0.6875,0.6875,0.6875,0.6875,0.6875,0.6875,0.6875,0.6875,0.71875,0.71875,0.71875,0.71875,0.71875,0.71875,0.71875,0.71875,0.71875,0.71875,0.71875,0.71875,0.71875,0.71875,0.71875,0.71875,0.71875,0.71875,0.71875,0.71875,0.71875,0.71875,0.71875,0.71875,0.71875,0.71875,0.71875,0.71875,0.71875,0.71875,0.71875,0.71875,0.71875,0.71875,0.71875,0.71875,0.71875,0.71875,0.71875,0.71875,0.71875,0.71875,0.71875,0.71875,0.71875,0.71875,0.71875,0.71875,0.71875,0.71875,0.71875,0.71875,0.71875,0.71875,0.71875,0.71875,0.71875,0.71875,0.71875,0.71875,0.71875,0.71875,0.71875,0.71875,0.75,0.75,0.75,0.75,0.75,0.75,0.75,0.75,0.75,0.75,0.75,0.75,0.75,0.75,0.75,0.75,0.75,0.75,0.75,0.75,0.75,0.75,0.75,0.75,0.75,0.75,0.75,0.75,0.75,0.75,0.75,0.75,0.75,0.75,0.75,0.75,0.75,0.75,0.75,0.75,0.75,0.75,0.75,0.75,0.75,0.75,0.75,0.75,0.75,0.75,0.75,0.75,0.75,0.75,0.75,0.75,0.75,0.75,0.75,0.75,0.75,0.75,0.75,0.75,0.78125,0.78125,0.78125,0.78125,0.78125,0.78125,0.78125,0.78125,0.78125,0.78125,0.78125,0.78125,0.78125,0.78125,0.78125,0.78125,0.78125,0.78125,0.78125,0.78125,0.78125,0.78125,0.78125,0.78125,0.78125,0.78125,0.78125,0.78125,0.78125,0.78125,0.78125,0.78125,0.78125,0.78125,0.78125,0.78125,0.78125,0.78125,0.78125,0.78125,0.78125,0.78125,0.78125,0.78125,0.78125,0.78125,0.78125,0.78125,0.78125,0.78125,0.78125,0.78125,0.78125,0.78125,0.78125,0.78125,0.78125,0.78125,0.78125,0.78125,0.78125,0.78125,0.78125,0.78125,0.8125,0.8125,0.8125,0.8125,0.8125,0.8125,0.8125,0.8125,0.8125,0.8125,0.8125,0.8125,0.8125,0.8125,0.8125,0.8125,0.8125,0.8125,0.8125,0.8125,0.8125,0.8125,0.8125,0.8125,0.8125,0.8125,0.8125,0.8125,0.8125,0.8125,0.8125,0.8125,0.8125,0.8125,0.8125,0.8125,0.8125,0.8125,0.8125,0.8125,0.8125,0.8125,0.8125,0.8125,0.8125,0.8125,0.8125,0.8125,0.8125,0.8125,0.8125,0.8125,0.8125,0.8125,0.8125,0.8125,0.8125,0.8125,0.8125,0.8125,0.8125,0.8125,0.8125,0.8125,0.84375,0.84375,0.84375,0.84375,0.84375,0.84375,0.84375,0.84375,0.84375,0.84375,0.84375,0.84375,0.84375,0.84375,0.84375,0.84375,0.84375,0.84375,0.84375,0.84375,0.84375,0.84375,0.84375,0.84375,0.84375,0.84375,0.84375,0.84375,0.84375,0.84375,0.84375,0.84375,0.84375,0.84375,0.84375,0.84375,0.84375,0.84375,0.84375,0.84375,0.84375,0.84375,0.84375,0.84375,0.84375,0.84375,0.84375,0.84375,0.84375,0.84375,0.84375,0.84375,0.84375,0.84375,0.84375,0.84375,0.84375,0.84375,0.84375,0.84375,0.84375,0.84375,0.84375,0.84375,0.875,0.875,0.875,0.875,0.875,0.875,0.875,0.875,0.875,0.875,0.875,0.875,0.875,0.875,0.875,0.875,0.875,0.875,0.875,0.875,0.875,0.875,0.875,0.875,0.875,0.875,0.875,0.875,0.875,0.875,0.875,0.875,0.875,0.875,0.875,0.875,0.875,0.875,0.875,0.875,0.875,0.875,0.875,0.875,0.875,0.875,0.875,0.875,0.875,0.875,0.875,0.875,0.875,0.875,0.875,0.875,0.875,0.875,0.875,0.875,0.875,0.875,0.875,0.875,0.90625,0.90625,0.90625,0.90625,0.90625,0.90625,0.90625,0.90625,0.90625,0.90625,0.90625,0.90625,0.90625,0.90625,0.90625,0.90625,0.90625,0.90625,0.90625,0.90625,0.90625,0.90625,0.90625,0.90625,0.90625,0.90625,0.90625,0.90625,0.90625,0.90625,0.90625,0.90625,0.90625,0.90625,0.90625,0.90625,0.90625,0.90625,0.90625,0.90625,0.90625,0.90625,0.90625,0.90625,0.90625,0.90625,0.90625,0.90625,0.90625,0.90625,0.90625,0.90625,0.90625,0.90625,0.90625,0.90625,0.90625,0.90625,0.90625,0.90625,0.90625,0.90625,0.90625,0.90625,0.9375,0.9375,0.9375,0.9375,0.9375,0.9375,0.9375,0.9375,0.9375,0.9375,0.9375,0.9375,0.9375,0.9375,0.9375,0.9375,0.9375,0.9375,0.9375,0.9375,0.9375,0.9375,0.9375,0.9375,0.9375,0.9375,0.9375,0.9375,0.9375,0.9375,0.9375,0.9375,0.9375,0.9375,0.9375,0.9375,0.9375,0.9375,0.9375,0.9375,0.9375,0.9375,0.9375,0.9375,0.9375,0.9375,0.9375,0.9375,0.9375,0.9375,0.9375,0.9375,0.9375,0.9375,0.9375,0.9375,0.9375,0.9375,0.9375,0.9375,0.9375,0.9375,0.9375,0.9375,0.96875,0.96875,0.96875,0.96875,0.96875,0.96875,0.96875,0.96875,0.96875,0.96875,0.96875,0.96875,0.96875,0.96875,0.96875,0.96875,0.96875,0.96875,0.96875,0.96875,0.96875,0.96875,0.96875,0.96875,0.96875,0.96875,0.96875,0.96875,0.96875,0.96875,0.96875,0.96875,0.96875,0.96875,0.96875,0.96875,0.96875,0.96875,0.96875,0.96875,0.96875,0.96875,0.96875,0.96875,0.96875,0.96875,0.96875,0.96875,0.96875,0.96875,0.96875,0.96875,0.96875,0.96875,0.96875,0.96875,0.96875,0.96875,0.96875,0.96875,0.96875,0.96875,0.96875,0.96875}


pvcmd -set pvScan ACQ_spatial_phase_1 $vector1
pvcmd -set pvScan ACQ_spatial_phase_2 $vector2


pvcmd -a pvScan pvStartGop -Control -Alt

# Debugging Code End
#pvcmd -a JMacroManager JMMSetVerbose $OLD_VERBOSE
#pvcmd -s JMacroManager

#*****************************************************************************#
#*                             E N D  O F  F I L E                           *#
#*****************************************************************************#
